real_bytes,real_RANS_bytes,bits_per_frame,bpp,kbps,rate_accounting_fps,frames,num_frames,num_transitions,LPIPS,DISTS,PSNR,SSIM,MS_SSIM,FloLPIPS,PSNR_from_aggregate_MSE,processing_canvas,metric_crop,ec_part,identity_P,identity_P_exact,proxy_max_abs,compression_hash_before,compression_hash_after,reconstruction_sha256,independent_decode_pass,state_sync_pass,real_RANS,bytes_consumed,bitstream_path,bitstream_sha256,feature_path,feature_sha256,loaded_receiver_module_hashes,dataset,method,video_index,sequence,external_qp,QP,checkpoint_sha256,checkpoint_path,source_sha256,source_rgb_sha256,source_frame_indices,source_frame_indices_sha256,total_bits,FID,FID_num_samples,force_zero_thres,frame_metrics_path,frame_metrics_sha256,transitions_path,transitions_sha256,actual_qps,physical_gpu,fresh_run,temporal_resampling,elapsed_seconds,config_sha256,evaluator_sha256,visualization_dir,visualization_sha256,fps
45528,45528,5691.0,0.0027445023148148146,170.73,30.0,64,64,63,0.15788036945741624,0.0953166326507926,22.27219963470072,0.9654822153970599,0.8550497172400355,0.14543683557874626,22.27219963470072,"[1920, 1088]","[1920, 1080]",1,False,,0.6528366804122925,0f0c0e2358ceec024230154da4777ed5c444a8382af1ec9d7165f3d7886141cf,0f0c0e2358ceec024230154da4777ed5c444a8382af1ec9d7165f3d7886141cf,3b24636746c70b1264bf7af0e839b33b9d2ff20eccdae969eac154cfa60e53ec,True,True,True,45528,/Huang_group/zyyz/Projects/GVC-RT/experiments/gvcrt_neural_wrapper_v6_10_conditional_perceptual_supervision/bitstreams/ulong/C1500/fee5d9ad-e77d-44cd-b576-d588d7a0ce9d/qp0.bin,d30399a0e5ffde7d8d8ae82da4f3ceb83ad240e801783b472f3022409bbbbb4a,/Huang_group/zyyz/Projects/GVC-RT/experiments/gvcrt_neural_wrapper_v6_10_conditional_perceptual_supervision/features/ulong/C1500/fee5d9ad-e77d-44cd-b576-d588d7a0ce9d/qp0.npz,b8cf7107f40f552237c1ce418001e1eb8ae5adbed58ff074cb8c20b903c6d98a,"{'bridge': 'd38fcaac3a89993e6ab69888fe97a9784703d3eb5100224afc34c892034387d5', 'generator': '071878a735fc3cebe9599824882c2e558da6a6f2d6a1ae3cc7e7a3e7bf4a0f4d'}",ulong,C1500,0,fee5d9ad-e77d-44cd-b576-d588d7a0ce9d,0,0,353af8f758ee58b5c80ff13b9c4bcafddda40d0e8e4ddeeae6044a081d4eb743,/Huang_group/zyyz/Projects/GVC-RT/experiments/gvcrt_neural_wrapper_v6_10_conditional_perceptual_supervision/evaluation/checkpoints/C1500.pt,ecb6c9cefb760e7a427eb2c27853d2e1e4b67223b89fb4c147e20d72d7f1ce1b,2d4fbf66e6df1ae6b151c2b2fcb982e895284adc1fd991c425791a2a8c171c7c,"[0, 1, 2, 3, 4, 5, 6, 7, 8, 9, 10, 11, 12, 13, 14, 15, 16, 17, 18, 19, 20, 21, 22, 23, 24, 25, 26, 27, 28, 29, 30, 31, 32, 33, 34, 35, 36, 37, 38, 39, 40, 41, 42, 43, 44, 45, 46, 47, 48, 49, 50, 51, 52, 53, 54, 55, 56, 57, 58, 59, 60, 61, 62, 63]",a49d88051b2d2e5d1255d4f806a7569cda9b33a650a908566197031349ad8db4,364224,52.74289366059082,64,0.12,/Huang_group/zyyz/Projects/GVC-RT/experiments/gvcrt_neural_wrapper_v6_10_conditional_perceptual_supervision/parts/ulong/C1500/video_00_qp0.frames.csv,a075cf95e87af697d89f0943d7d6834fdc94f130b2d4f83b7851b4cd4dacb720,/Huang_group/zyyz/Projects/GVC-RT/experiments/gvcrt_neural_wrapper_v6_10_conditional_perceptual_supervision/features/ulong/C1500/fee5d9ad-e77d-44cd-b576-d588d7a0ce9d/qp0.transitions.csv,fb6da0dbfd33477d274b7104424ee2487d2ceca3f2122d36e5e049ca6d549f07,"[0, 2, 0, 1, 0, 1, 0, 1, 0, 2, 0, 1, 0, 1, 0, 1, 0, 2, 0, 1, 0, 1, 0, 1, 0, 2, 0, 1, 0, 1, 0, 1, 0, 2, 0, 1, 0, 1, 0, 1, 0, 2, 0, 1, 0, 1, 0, 1, 0, 2, 0, 1, 0, 1, 0, 1, 0, 2, 0, 1, 0, 1, 0, 1]",5,True,False,96.16598224639893,6b81d5e59ef797dae34f2fbec528f0a89c61302e1608b6e35fa93a311b263ce2,214c5b4ec5e2bf7adb980d792f31d10fae5fed494163f5b72b31e3d913ef28f0,/Huang_group/zyyz/Projects/GVC-RT/experiments/gvcrt_neural_wrapper_v6_10_conditional_perceptual_supervision/visualizations/ulong/C1500/fee5d9ad-e77d-44cd-b576-d588d7a0ce9d/qp0,"['a2809aaaf000b447685ab527a70585a8c101892cba9676b847d5deb509c518e3', 'bd777700e7c52af37ac44a1d68551de35965e36a6b690f8a9aa6aa73b3651da1', '42702ecfc2d47f61fbbc21e8dc1da3bd8b9c44b5e75978c7c38e6caadf83dd2a', '3d6f08fca821d47dfd6e0a87d9aa8b4feee41bc7bfad58d3773ae56a8085a924', '70040853db69240302a030c3109f7f5896aa2f20f35bcd3da863c6f4f1310691', 'f4e7878a8f2283d3500224fa5e35fded502e97e2f0092b23dd4dfcfdadf895dd', '245688b741b8703285866d6fc7080f26c44a2bb602ec5d1815444e61f164bc23', 'e8720a76137ae46e20d3fdecdb745f3e69b8503382e2ec332f3385eb5c6a82ca', '8f7aeb69f88b193dc3c28d884ee73e1c4a9f56655b26f618169e3b2eed583414', 'a3fc0a0d3dabf8c5fddf4b16b04380bfa66224a74bccc36d482b9e20d30d5fbe', '7080278637c1a1e5b428b993467dc66e17c07a38dd80d33d75ef5ac0d1201c28', '25b2db0dd8942265cb311def521c661bd7346b845d20c64019366e1eb3829714', '0a8a3a1e0a73a54e51b5b0e5a88d63dada0f17915e50738aeb2b677c58686bca', '16ab10160f3608914c55fdf841d2a3db193407cfc37d17196c8f37c9364c231a', '91da36ae6cf925e83d695d82167758b8a83c4dda896f59d85397bb09831e5b4c', '2895c0db7b63026cc9c6fdcdfc39df678811ef25f91dbf504a1234e154bbf6de', 'dc0d6664ef547e5b6d865f59144fe4fd21aac89253ba00ec11f8f17abada8cdb', '2445c07eb1ddfa858482b0b290eb9400509a3453c36cd00068aaedeee2f5f20c', '321430e1397b7f3f9b2fd2eca010e56439c231d021273b1d01bf1bfd92babe6e', 'e8674c449e3d4a8854ff6534f138758693079ec1ed3440e07f9ca3d9fd83509b', 'b8bb8c08d1282a083fe21d0d37880eda82955e983f71f706d983dae2dd24dc96', '0cd652d5394ba76b0e61f66500ec07ae97541c8ff498dadca9445ee138a1bee5', 'aba149639f583d67e8453fa4e4bb6a5f65dd91d7c0afeeb0d28918c0926746a9', 'de4bb5b0203d264b985b25f87483ff3c8671f2766e44cef38ee37ed41fbcef03', 'dc5bffbe75903bf692bf2c4d36772d9361b4e70c78c3b393690ef9ab98e2c169', 'c6f5d362f617ae199a40ab6ae82b9a6ec3eac5c70ac3c694355f7de91a4a0dfd', '5e6c3cd0e51c2253a2a3c9f067283729e6836c4edd65ae771a3512bd4591ea93', 'f870638aa5d838aec245f1ecb7e89c25a58a371cd47c47669aa226e7c9d3dd3b', '0fdfa4cf30617fc2997789fcb17125c2f1e3ebaccf9f3833e9777f205c3124e7', '558396c98ca70e885f724c09ad59b64ae7369d32ea449c4e3be95cacdc1a073a', 'e6bc82680bb5882708660c7bfe8b95f60071337b8e8b9801a0b4bd434ba73373', 'f699599a3dea93c7071795f1694fdfc2c52b3caa4652c9cb92713941f14cc457', 'f6722b111dba8e0af91c531fc4099f55506d28f39bcf2478c53169086cb27784', '9b69a884e6890f6036d7c184979ff592ea1a3749e50a74bee57faecbec427b01', 'cf4f48f846946bdaf770016732fd79321762113ee3c582a0768bcb8b7a773914', '650f33d41eb3fd6f215af1168c90a98fc6653873fa440155149d4103f0e798ea', '2da5d5c21cdcd0d71ebd1184de03d96af7fc55f71dd85a2260b5bc8008983567', 'cde4e26ba508015774b6137e32ebe8b532e933b15f243d0d2461cc7f5c71846d', '8e16ee3c110474d6a3b0924b444952c3fe36e0963ce0a1c596d0b984311ad092', 'eb3782ff8cab7448042ee2a073799eed79f06cc0ae7832d6ac6fdd90d7c8a608', 'ead854dba60eee311b8f96abb68a761b02b2ea0ca6e16b87e2dbb1d886d99a1a', '302da0e82a6de5479f645c71d85d88a3a8b352ee79640c5c3d7b2aaf321c3837', 'f3b954fc3fb6717dcb7c37381d04cdafeb9f764bce95dd117120bd964849c35f', '34dd3be4acca8e8aa9b974fe2321f7a8bd9788d229fb673e60b4a2593aa35a5f', '407fbc4224a6aa892b69401bb706e6ee50066cbc50a44c5485d05197d9a3bb9f', 'a5ad16dcd2b928742d6132ecea8b1e1adf3210933ed9a23f5326591d08ac1769', 'f2e57f5bd3f78bce29ca1c0768a5d5ed2b334a6b1e6cde95a40b55837586ce56', 'f0fe2d89c23c7a6b50e2278c32db92c7a74ab495085c15e4fbb3114f302d2566', '2257c28570a0f2c4da8ab0cb201b41a2ba81afa3755717902a6fa2fa47efda83', '0628e8248703508913d867fbba9306d7c84e37d0092db1bd3e6535896c70796d', 'eead92bbeea154f363358a2626b2bf5681a367ac9d449893bb694aa4d4c24e75', '6c137526e9deff50bb8e35f964c165395a13d5ed6b0cf98aa528147c1d04246f', '3953b55d1d5d15a685d828804cb73700189f9241f6bf70d44e91adc73738cadc', '8f311856f3c470b54988fdf67f6406c8d4edce09d14b0f648403ecbc9bdf64d9', '5648c7fe1f97b129a81103db20d4640a210665f130cf97f16e688383f745bbd1', 'bcd3756e869082977eb3a63df81bd3c8021126e303eda6d1cd07d44374894ab2', 'e6a99ad4e46db8e99f80f2f58bfdafea44352dc689d5119e8ad2c9e44949a0e5', 'd9d8e6d024b6a7eef30b991ecc67038deaca4cc4c2175691f476bd588d1c57e0', 'aca68521077b9bef340d725de7763aa2540fa340d8133f37434f9c265d92b734', 'c941370bfb01128b6cc07db532067736849b4f1347eb46da1aca236e32e6abd8', 'fd78ab2eba5c77aa773e13d56ced453a9dc227243b6e2b97a52846e489bb49b7', '27dad8e04b2203d0c09ec94770766e8213c0593ea5fc0162135fcd00c730712f', 'e149ea637a84a3a8b6444278803f1e58d3376e03c342a41c09e14fd9e850ff2a', '12b462961c344f87350cfe2a0e4f78cb9e0b731ab3667fdfbacef514502dd764']",30.0
55830,55830,6978.75,0.0033655237268518517,209.3625,30.0,64,64,63,0.14382867235690355,0.08964844886213541,22.788268715396146,0.9693512907251716,0.8689549397677183,0.13500631189653797,22.788268715396146,"[1920, 1088]","[1920, 1080]",1,False,,0.6528366804122925,0f0c0e2358ceec024230154da4777ed5c444a8382af1ec9d7165f3d7886141cf,0f0c0e2358ceec024230154da4777ed5c444a8382af1ec9d7165f3d7886141cf,1b72b7731d88ba6d0f4f6005c5bee39c373a5048e4ebcf6096841691f7b5d6ed,True,True,True,55830,/Huang_group/zyyz/Projects/GVC-RT/experiments/gvcrt_neural_wrapper_v6_10_conditional_perceptual_supervision/bitstreams/ulong/C1500/fee5d9ad-e77d-44cd-b576-d588d7a0ce9d/qp1.bin,fdfe31bcd3a57b5eec418333bf762e183769150b6c5fff1c5cc712b250e6f944,/Huang_group/zyyz/Projects/GVC-RT/experiments/gvcrt_neural_wrapper_v6_10_conditional_perceptual_supervision/features/ulong/C1500/fee5d9ad-e77d-44cd-b576-d588d7a0ce9d/qp1.npz,b3bae0b86d37b8b7195b7fa90376f52b6a0b70b990be23e11a3b7f0d84e9864e,"{'bridge': 'd38fcaac3a89993e6ab69888fe97a9784703d3eb5100224afc34c892034387d5', 'generator': '071878a735fc3cebe9599824882c2e558da6a6f2d6a1ae3cc7e7a3e7bf4a0f4d'}",ulong,C1500,0,fee5d9ad-e77d-44cd-b576-d588d7a0ce9d,1,1,353af8f758ee58b5c80ff13b9c4bcafddda40d0e8e4ddeeae6044a081d4eb743,/Huang_group/zyyz/Projects/GVC-RT/experiments/gvcrt_neural_wrapper_v6_10_conditional_perceptual_supervision/evaluation/checkpoints/C1500.pt,ecb6c9cefb760e7a427eb2c27853d2e1e4b67223b89fb4c147e20d72d7f1ce1b,2d4fbf66e6df1ae6b151c2b2fcb982e895284adc1fd991c425791a2a8c171c7c,"[0, 1, 2, 3, 4, 5, 6, 7, 8, 9, 10, 11, 12, 13, 14, 15, 16, 17, 18, 19, 20, 21, 22, 23, 24, 25, 26, 27, 28, 29, 30, 31, 32, 33, 34, 35, 36, 37, 38, 39, 40, 41, 42, 43, 44, 45, 46, 47, 48, 49, 50, 51, 52, 53, 54, 55, 56, 57, 58, 59, 60, 61, 62, 63]",a49d88051b2d2e5d1255d4f806a7569cda9b33a650a908566197031349ad8db4,446640,48.3673302193438,64,0.12,/Huang_group/zyyz/Projects/GVC-RT/experiments/gvcrt_neural_wrapper_v6_10_conditional_perceptual_supervision/parts/ulong/C1500/video_00_qp1.frames.csv,547aaf77dedaca8ef679ef92d3c30105e006b7f47610000b7488405e1a3dbf38,/Huang_group/zyyz/Projects/GVC-RT/experiments/gvcrt_neural_wrapper_v6_10_conditional_perceptual_supervision/features/ulong/C1500/fee5d9ad-e77d-44cd-b576-d588d7a0ce9d/qp1.transitions.csv,d01ba77c494041107090de0de03ac7ff5755af632d4af55ec0978c035a59abd2,"[1, 3, 1, 2, 1, 2, 1, 2, 1, 3, 1, 2, 1, 2, 1, 2, 1, 3, 1, 2, 1, 2, 1, 2, 1, 3, 1, 2, 1, 2, 1, 2, 1, 3, 1, 2, 1, 2, 1, 2, 1, 3, 1, 2, 1, 2, 1, 2, 1, 3, 1, 2, 1, 2, 1, 2, 1, 3, 1, 2, 1, 2, 1, 2]",5,True,False,77.58252239227295,6b81d5e59ef797dae34f2fbec528f0a89c61302e1608b6e35fa93a311b263ce2,214c5b4ec5e2bf7adb980d792f31d10fae5fed494163f5b72b31e3d913ef28f0,,[],30.0
73664,73664,9208.0,0.004440586419753086,276.24,30.0,64,64,63,0.12203079275786877,0.07920662499964237,23.53460073605618,0.9744263729080558,0.8894756808876991,0.11601875870237274,23.53460073605618,"[1920, 1088]","[1920, 1080]",1,False,,0.6528366804122925,0f0c0e2358ceec024230154da4777ed5c444a8382af1ec9d7165f3d7886141cf,0f0c0e2358ceec024230154da4777ed5c444a8382af1ec9d7165f3d7886141cf,fb63731205d5529f02ee62f7b13f3bf15c8653253e615736e355684abe3ac9fa,True,True,True,73664,/Huang_group/zyyz/Projects/GVC-RT/experiments/gvcrt_neural_wrapper_v6_10_conditional_perceptual_supervision/bitstreams/ulong/C1500/fee5d9ad-e77d-44cd-b576-d588d7a0ce9d/qp2.bin,dc5bae4067c2c2ad95d4f8a248af256d0e43450c1e7d83862b0f75ad6dfad9a6,/Huang_group/zyyz/Projects/GVC-RT/experiments/gvcrt_neural_wrapper_v6_10_conditional_perceptual_supervision/features/ulong/C1500/fee5d9ad-e77d-44cd-b576-d588d7a0ce9d/qp2.npz,c2a917c3ac28f21d6e757a4287848f8f998c1e8e985b19df6e4e9b5829854fff,"{'bridge': 'd38fcaac3a89993e6ab69888fe97a9784703d3eb5100224afc34c892034387d5', 'generator': '071878a735fc3cebe9599824882c2e558da6a6f2d6a1ae3cc7e7a3e7bf4a0f4d'}",ulong,C1500,0,fee5d9ad-e77d-44cd-b576-d588d7a0ce9d,2,2,353af8f758ee58b5c80ff13b9c4bcafddda40d0e8e4ddeeae6044a081d4eb743,/Huang_group/zyyz/Projects/GVC-RT/experiments/gvcrt_neural_wrapper_v6_10_conditional_perceptual_supervision/evaluation/checkpoints/C1500.pt,ecb6c9cefb760e7a427eb2c27853d2e1e4b67223b89fb4c147e20d72d7f1ce1b,2d4fbf66e6df1ae6b151c2b2fcb982e895284adc1fd991c425791a2a8c171c7c,"[0, 1, 2, 3, 4, 5, 6, 7, 8, 9, 10, 11, 12, 13, 14, 15, 16, 17, 18, 19, 20, 21, 22, 23, 24, 25, 26, 27, 28, 29, 30, 31, 32, 33, 34, 35, 36, 37, 38, 39, 40, 41, 42, 43, 44, 45, 46, 47, 48, 49, 50, 51, 52, 53, 54, 55, 56, 57, 58, 59, 60, 61, 62, 63]",a49d88051b2d2e5d1255d4f806a7569cda9b33a650a908566197031349ad8db4,589312,39.47945010415924,64,0.12,/Huang_group/zyyz/Projects/GVC-RT/experiments/gvcrt_neural_wrapper_v6_10_conditional_perceptual_supervision/parts/ulong/C1500/video_00_qp2.frames.csv,5c43cb43be8ca87ee6694c44ade193f6ed7d430863376f8a5a1e1d83bd32fe66,/Huang_group/zyyz/Projects/GVC-RT/experiments/gvcrt_neural_wrapper_v6_10_conditional_perceptual_supervision/features/ulong/C1500/fee5d9ad-e77d-44cd-b576-d588d7a0ce9d/qp2.transitions.csv,8f2c78622ada1185b74410bdb5d33eee7f93361f8318774bc33b78796ea8cde2,"[2, 4, 2, 3, 2, 3, 2, 3, 2, 4, 2, 3, 2, 3, 2, 3, 2, 4, 2, 3, 2, 3, 2, 3, 2, 4, 2, 3, 2, 3, 2, 3, 2, 4, 2, 3, 2, 3, 2, 3, 2, 4, 2, 3, 2, 3, 2, 3, 2, 4, 2, 3, 2, 3, 2, 3, 2, 4, 2, 3, 2, 3, 2, 3]",5,True,False,77.42764019966125,6b81d5e59ef797dae34f2fbec528f0a89c61302e1608b6e35fa93a311b263ce2,214c5b4ec5e2bf7adb980d792f31d10fae5fed494163f5b72b31e3d913ef28f0,,[],30.0
91003,91003,11375.375,0.005485809702932099,341.26125,30.0,64,64,63,0.10998652363196015,0.07259000930935144,24.047968683142003,0.9772919146344066,0.9013280412182212,0.10416026649967072,24.047968683142003,"[1920, 1088]","[1920, 1080]",1,False,,0.6528366804122925,0f0c0e2358ceec024230154da4777ed5c444a8382af1ec9d7165f3d7886141cf,0f0c0e2358ceec024230154da4777ed5c444a8382af1ec9d7165f3d7886141cf,d5ef2ac7d13338847ea4edfa70c1081032e43ccc3c7cab09394d3adad12455af,True,True,True,91003,/Huang_group/zyyz/Projects/GVC-RT/experiments/gvcrt_neural_wrapper_v6_10_conditional_perceptual_supervision/bitstreams/ulong/C1500/fee5d9ad-e77d-44cd-b576-d588d7a0ce9d/qp3.bin,6af2fda65c2c0ebe3ea049efb750a7a63019e8bbb0c853025d6f8b84d3dc6e9a,/Huang_group/zyyz/Projects/GVC-RT/experiments/gvcrt_neural_wrapper_v6_10_conditional_perceptual_supervision/features/ulong/C1500/fee5d9ad-e77d-44cd-b576-d588d7a0ce9d/qp3.npz,db1d0d97adb47d5963d6549eceb6513ba327ad19baa381094f50c972ea47adfd,"{'bridge': 'd38fcaac3a89993e6ab69888fe97a9784703d3eb5100224afc34c892034387d5', 'generator': '071878a735fc3cebe9599824882c2e558da6a6f2d6a1ae3cc7e7a3e7bf4a0f4d'}",ulong,C1500,0,fee5d9ad-e77d-44cd-b576-d588d7a0ce9d,3,3,353af8f758ee58b5c80ff13b9c4bcafddda40d0e8e4ddeeae6044a081d4eb743,/Huang_group/zyyz/Projects/GVC-RT/experiments/gvcrt_neural_wrapper_v6_10_conditional_perceptual_supervision/evaluation/checkpoints/C1500.pt,ecb6c9cefb760e7a427eb2c27853d2e1e4b67223b89fb4c147e20d72d7f1ce1b,2d4fbf66e6df1ae6b151c2b2fcb982e895284adc1fd991c425791a2a8c171c7c,"[0, 1, 2, 3, 4, 5, 6, 7, 8, 9, 10, 11, 12, 13, 14, 15, 16, 17, 18, 19, 20, 21, 22, 23, 24, 25, 26, 27, 28, 29, 30, 31, 32, 33, 34, 35, 36, 37, 38, 39, 40, 41, 42, 43, 44, 45, 46, 47, 48, 49, 50, 51, 52, 53, 54, 55, 56, 57, 58, 59, 60, 61, 62, 63]",a49d88051b2d2e5d1255d4f806a7569cda9b33a650a908566197031349ad8db4,728024,33.26986636802323,64,0.12,/Huang_group/zyyz/Projects/GVC-RT/experiments/gvcrt_neural_wrapper_v6_10_conditional_perceptual_supervision/parts/ulong/C1500/video_00_qp3.frames.csv,d1d320e4c50258b23fed99d66a0abe8926aeb91ad42ae3ec5231c19cff0dd6bc,/Huang_group/zyyz/Projects/GVC-RT/experiments/gvcrt_neural_wrapper_v6_10_conditional_perceptual_supervision/features/ulong/C1500/fee5d9ad-e77d-44cd-b576-d588d7a0ce9d/qp3.transitions.csv,b9d769b3dd22e653bda131a86ec2b87309cc9663ebe29ad5754e6e940263ef0d,"[3, 5, 3, 4, 3, 4, 3, 4, 3, 5, 3, 4, 3, 4, 3, 4, 3, 5, 3, 4, 3, 4, 3, 4, 3, 5, 3, 4, 3, 4, 3, 4, 3, 5, 3, 4, 3, 4, 3, 4, 3, 5, 3, 4, 3, 4, 3, 4, 3, 5, 3, 4, 3, 4, 3, 4, 3, 5, 3, 4, 3, 4, 3, 4]",5,True,False,80.33260941505432,6b81d5e59ef797dae34f2fbec528f0a89c61302e1608b6e35fa93a311b263ce2,214c5b4ec5e2bf7adb980d792f31d10fae5fed494163f5b72b31e3d913ef28f0,,[],30.0
111418,111418,13927.25,0.006716459297839506,417.8175,30.0,64,64,63,0.09882371092680842,0.06796393636614084,24.46975146819262,0.9795204177498817,0.9114285642281175,0.09356110809104783,24.46975146819262,"[1920, 1088]","[1920, 1080]",1,False,,0.6528366804122925,0f0c0e2358ceec024230154da4777ed5c444a8382af1ec9d7165f3d7886141cf,0f0c0e2358ceec024230154da4777ed5c444a8382af1ec9d7165f3d7886141cf,22986d285475980ed10d78761d9120020e32140f40eac3898826b4293afa6f7c,True,True,True,111418,/Huang_group/zyyz/Projects/GVC-RT/experiments/gvcrt_neural_wrapper_v6_10_conditional_perceptual_supervision/bitstreams/ulong/C1500/fee5d9ad-e77d-44cd-b576-d588d7a0ce9d/qp4.bin,bd55bd5a1eb5e620252ea500450f0e93f02ba718597a9f99fca2319ee6690a82,/Huang_group/zyyz/Projects/GVC-RT/experiments/gvcrt_neural_wrapper_v6_10_conditional_perceptual_supervision/features/ulong/C1500/fee5d9ad-e77d-44cd-b576-d588d7a0ce9d/qp4.npz,6f8328e7557d79fc619498ebf7841d8039abe4a5cd54d27a3245e55198e59de3,"{'bridge': 'd38fcaac3a89993e6ab69888fe97a9784703d3eb5100224afc34c892034387d5', 'generator': '071878a735fc3cebe9599824882c2e558da6a6f2d6a1ae3cc7e7a3e7bf4a0f4d'}",ulong,C1500,0,fee5d9ad-e77d-44cd-b576-d588d7a0ce9d,4,4,353af8f758ee58b5c80ff13b9c4bcafddda40d0e8e4ddeeae6044a081d4eb743,/Huang_group/zyyz/Projects/GVC-RT/experiments/gvcrt_neural_wrapper_v6_10_conditional_perceptual_supervision/evaluation/checkpoints/C1500.pt,ecb6c9cefb760e7a427eb2c27853d2e1e4b67223b89fb4c147e20d72d7f1ce1b,2d4fbf66e6df1ae6b151c2b2fcb982e895284adc1fd991c425791a2a8c171c7c,"[0, 1, 2, 3, 4, 5, 6, 7, 8, 9, 10, 11, 12, 13, 14, 15, 16, 17, 18, 19, 20, 21, 22, 23, 24, 25, 26, 27, 28, 29, 30, 31, 32, 33, 34, 35, 36, 37, 38, 39, 40, 41, 42, 43, 44, 45, 46, 47, 48, 49, 50, 51, 52, 53, 54, 55, 56, 57, 58, 59, 60, 61, 62, 63]",a49d88051b2d2e5d1255d4f806a7569cda9b33a650a908566197031349ad8db4,891344,30.080670596716914,64,0.12,/Huang_group/zyyz/Projects/GVC-RT/experiments/gvcrt_neural_wrapper_v6_10_conditional_perceptual_supervision/parts/ulong/C1500/video_00_qp4.frames.csv,eb46963f90fe30b1f504b65dbcfcf01568422a9ffead567c5f89c5c226b6ad4d,/Huang_group/zyyz/Projects/GVC-RT/experiments/gvcrt_neural_wrapper_v6_10_conditional_perceptual_supervision/features/ulong/C1500/fee5d9ad-e77d-44cd-b576-d588d7a0ce9d/qp4.transitions.csv,5ec79bcd8064f360f965605fc322d3ad43fbbd28f4b4f0f4dc74eab4f2e31ef6,"[4, 6, 4, 5, 4, 5, 4, 5, 4, 6, 4, 5, 4, 5, 4, 5, 4, 6, 4, 5, 4, 5, 4, 5, 4, 6, 4, 5, 4, 5, 4, 5, 4, 6, 4, 5, 4, 5, 4, 5, 4, 6, 4, 5, 4, 5, 4, 5, 4, 6, 4, 5, 4, 5, 4, 5, 4, 6, 4, 5, 4, 5, 4, 5]",5,True,False,85.96913647651672,6b81d5e59ef797dae34f2fbec528f0a89c61302e1608b6e35fa93a311b263ce2,214c5b4ec5e2bf7adb980d792f31d10fae5fed494163f5b72b31e3d913ef28f0,/Huang_group/zyyz/Projects/GVC-RT/experiments/gvcrt_neural_wrapper_v6_10_conditional_perceptual_supervision/visualizations/ulong/C1500/fee5d9ad-e77d-44cd-b576-d588d7a0ce9d/qp4,"['8ed2818676f30c7f0df373b6bf1fffd8e3c5cfb501ab0d8ea0b044dd6742e9db', 'b687123c6fbe71d515e1b7b8e999787b4000869346af9751bdd7c0c72e39ef7d', '80b6ea0d026cf441531238608f1c1705d313565db4c2d8a644a62a90ddb4afda', '21cdb14149badac3dcc1bc5fb3ecba7865784a97c8960949d2e63abf1e2d0511', 'ff1d773d564773bc72b0af0a5c7273f04d3b4a1d8cb37256c97923022ec9e9d2', '81ab1ca4aebc4df6bc4fabf2a1f1eabf47787ac0a23cd64b9769299601b81c7c', 'e660de8fb81ad2c90911df48a8fad9c8fa73b04a1b978c1aef96892ffb46c81c', 'f9e12fad886314dfd9017c5cec3020fd6171a8aade40a8467f772e4f343234c2', 'a135b50016885cdbf5f5f5cc24eeec1f9c773c0fc1edefebe7079bf3d40cb524', '71ce988b236d1a6cf1bf779df0772143f15eb42710f2e57886799b017094c6b9', '0ce0eb4662b1dff090317f17e47293f99c711b062d458b3d7895b3ab5853fa7c', 'f38d67d2fd7620958c86c555a230eb6da8db783048a9cddde41d1e0f679143b8', '0642c91664b1f62370aaec69d6941a32767e4350d510a1778e5da8e4787fbfe9', 'f1122f05277c5f2fb3ba596c2e6fdf0aa893ce2ac75fdbf57b3fb166ac7aa25a', 'd003cf714797aa2296125bb5538cb80f2216d1a3e2b54e575326b2407cb6681b', '64d81353710c2da178c58d9b2e5e78e4df71b7fdc82a9b4c3c99ad135bcb2f9c', '09cac71d2bd40b3806e75d25805120a7976f858e32de673eb4de1800af8634e7', '996394f025dcdcecc8d238bf9c6961e16e1dac36c3fa6cdc103834f854cb4920', '309580226910bffbc13f443e3391fe2dceac93a1cb99caa7ef821526ac9d07be', '8690767ce3063711fd5ee2eeb9ba5b304c8076a8a502bedef239feb88782d620', 'd228147438bd2175e85e567c56ecad6298e5b51046a55955d03f303d888c45a7', '9625d455010f7ee2fe74f473ce5f2d5b7bd8f77123eb00f8cf1c8ad9d6fa4cbf', 'a5ec090b23a8b3c91d37f52787b198d1638e3160404506a85d08c503d81601ee', 'efd599d8ac414f28c235f2bd5f64249f605c975346edb94f9fe52570f51ec5e3', '5558a063ba6be35b3a2f194897cd14c7076ef268295745bf149f0dc0ea04df9a', 'f0f409fffefdb4f9af5a2ca62a7e8b83042101f0eaa2c55523b96a756426b7c5', 'cc1fea4fbb97c085dc94fcc0972b13ce141c0fb8a91696e342dc6612cac657e3', '34238224a9ee214511965b9c1037dac01ab544c41e1e75d4efaca84a61bc094b', '51764747e816855b7ad7206af700bf98867a6175ea76ebadb877a7f89b36ee7d', '97fc7a6bc312adfd881be981dafd655b18b31ea202945ce96acedb73a0b5760f', '20c550bdb348172997babac1bd0d3356b567bad608128840da202870eff1d7d5', '783ca2669c73cdc4c7ee1118556059135be49ffaa3fc67870fa4dbc2fb695336', 'af7a7baa2d7469f7a8eec1f5e951afe80d6651d9f9b0b9647fdbc4f16ef27317', 'be9fd3677b48cfd39c701b78ad7e431dd6f893a269c5d9a761e806b923bea751', '9f22a07b8ac9ad3cc92086b066a79fec95c115484c690a40dee8ac60c64a9b44', '725079a7d0c38d3cbe63b71d7dde21f5d5e0c983ee27c1134a6b1b8adfa6c52b', '5fff44cbea6b14e8d52906db549162beaccbd95d7f782c7ea48036a8d736f866', 'f6525cb8f21506d686971a9accbbd4afec1c04cc46d8d4557fc1d5ffc5320edf', 'feac3cf537e0b70816a4903c9c537ec79532229f153d2ff5e6dc912f85f86cd8', 'c94b772b960bf5509f2bfeed8f3fff6fe414009e04d991c87a4b35c0d3a64424', '4969a6bccd772cbda84544d3dc14bdde23b8941d13e99f244ddfb4605a2b7ad6', '8891f56e6b292d5649ea031126c21950887247dc89e00e4edca1fa0257927fdd', '59d76a6e823be250366ed60cef594885348b8d10b36fff8cf7fa332578eb60d2', 'c773015cdb172d5f8eda1649ab0996674bed28b8929f6a7153d114e6ade3c12f', '2574f33ec6e10ab35b2be526e931cf579d234d9a4466d7b07bad0214ecbc9e65', 'b8d8738bcfbdfe89896c1d57ebda4c4679fcc4664f74984e775ea075ca3c1574', '5b0b20597b7de78c5f6c6a1bec7aa9b7460204e01d700ac74444f1ba2438973a', '0efdc7ae67e69292b497c533fb063be5d68ed49080deacdd34434bdac14dc2cb', '502c756cf1a1a5fb0543df6bee63c7318f6011a36b448bf58a2a7532d9939f3a', 'f76ba49ee519cd8f7706f42f1879cdc8e3e4a861a499791898eb706b43adb928', '37d161c00492e2b04835a29717a7ca8bd8e63e20447e3faef0c2d3b61c49e2ae', '94ef03cd03fdb269709191f3dbfda17a17f00fba4fcac743fc050defcd465872', '22d585b78e2f0e9f8aaea56fc7e71efaeb95148097dff772941700c9a195333e', '439b7485a1bfc946fa17b2ede74317a2443640d44ee9cc25b13feb41f328d3aa', '38e189e7191ba9b90865573d22bdcd4ea00c0c463f2dba8ce0454e48d37b6ef3', '06b7c4f8fc8458e8e0ff1d98f6581d32e0726a7490767e5c9196e0358612c646', '2659ac150c2c53ee9466322abb53f2ceafc08b3edc58f98dc0512881f127e4e0', '413e04385de5e05bb66aa179a263f11c8a857f3662d3287b8dd46d3be8f0679d', 'cfa46111997f9af49a73508bdeb3246d774326102e6f72737df56328f9d13df0', '9f895a17a5150c47faedff156a938b3c441234614d36049038b824a61d57ce20', '6afae5448c3c2d4788900530d0cc6fee6ed9dbce8c9b5aaabfb304494bc3652e', 'ba07df9884df725abb282fd9b97a17c3119e1fb0c7f9f6814753e2d590ec194b', 'd48a736d1f65fc173c4027c0735180a5469467d11e4964b917c740da53810fb7', '966e39d27ead25ab8fdc3855573b080acd3f7ec2b90546dafcc3d06ddaf44331']",30.0
134706,134706,16838.25,0.008120298032407408,505.1475,30.0,64,64,63,0.09057936636963859,0.06383409630507231,24.87120297873998,0.9813696648925543,0.9197705071419477,0.08666205335231054,24.87120297873998,"[1920, 1088]","[1920, 1080]",1,False,,0.6528366804122925,0f0c0e2358ceec024230154da4777ed5c444a8382af1ec9d7165f3d7886141cf,0f0c0e2358ceec024230154da4777ed5c444a8382af1ec9d7165f3d7886141cf,c7aa00682414d30bafe185e75c61684f28e3bb4356ffe6bac3091a5db31608ec,True,True,True,134706,/Huang_group/zyyz/Projects/GVC-RT/experiments/gvcrt_neural_wrapper_v6_10_conditional_perceptual_supervision/bitstreams/ulong/C1500/fee5d9ad-e77d-44cd-b576-d588d7a0ce9d/qp5.bin,7915c94a5aec5241b176b0baea607f01fb670c9f6a9bcfbd41039f4a3ae9306c,/Huang_group/zyyz/Projects/GVC-RT/experiments/gvcrt_neural_wrapper_v6_10_conditional_perceptual_supervision/features/ulong/C1500/fee5d9ad-e77d-44cd-b576-d588d7a0ce9d/qp5.npz,9ce782c05891fa6f608b28fc2a0e7f5f949a017333c2f39579ebbb7a83c26e86,"{'bridge': 'd38fcaac3a89993e6ab69888fe97a9784703d3eb5100224afc34c892034387d5', 'generator': '071878a735fc3cebe9599824882c2e558da6a6f2d6a1ae3cc7e7a3e7bf4a0f4d'}",ulong,C1500,0,fee5d9ad-e77d-44cd-b576-d588d7a0ce9d,5,5,353af8f758ee58b5c80ff13b9c4bcafddda40d0e8e4ddeeae6044a081d4eb743,/Huang_group/zyyz/Projects/GVC-RT/experiments/gvcrt_neural_wrapper_v6_10_conditional_perceptual_supervision/evaluation/checkpoints/C1500.pt,ecb6c9cefb760e7a427eb2c27853d2e1e4b67223b89fb4c147e20d72d7f1ce1b,2d4fbf66e6df1ae6b151c2b2fcb982e895284adc1fd991c425791a2a8c171c7c,"[0, 1, 2, 3, 4, 5, 6, 7, 8, 9, 10, 11, 12, 13, 14, 15, 16, 17, 18, 19, 20, 21, 22, 23, 24, 25, 26, 27, 28, 29, 30, 31, 32, 33, 34, 35, 36, 37, 38, 39, 40, 41, 42, 43, 44, 45, 46, 47, 48, 49, 50, 51, 52, 53, 54, 55, 56, 57, 58, 59, 60, 61, 62, 63]",a49d88051b2d2e5d1255d4f806a7569cda9b33a650a908566197031349ad8db4,1077648,27.292787123300343,64,0.12,/Huang_group/zyyz/Projects/GVC-RT/experiments/gvcrt_neural_wrapper_v6_10_conditional_perceptual_supervision/parts/ulong/C1500/video_00_qp5.frames.csv,5e69154400f6a07be28642544a82865eaba86321fb3568e6e4484b8749f14000,/Huang_group/zyyz/Projects/GVC-RT/experiments/gvcrt_neural_wrapper_v6_10_conditional_perceptual_supervision/features/ulong/C1500/fee5d9ad-e77d-44cd-b576-d588d7a0ce9d/qp5.transitions.csv,47a02f974829e8a9dcea32fd53e96e3f09740066589008502029add386fb9b18,"[5, 7, 5, 6, 5, 6, 5, 6, 5, 7, 5, 6, 5, 6, 5, 6, 5, 7, 5, 6, 5, 6, 5, 6, 5, 7, 5, 6, 5, 6, 5, 6, 5, 7, 5, 6, 5, 6, 5, 6, 5, 7, 5, 6, 5, 6, 5, 6, 5, 7, 5, 6, 5, 6, 5, 6, 5, 7, 5, 6, 5, 6, 5, 6]",5,True,False,64.20882558822632,6b81d5e59ef797dae34f2fbec528f0a89c61302e1608b6e35fa93a311b263ce2,214c5b4ec5e2bf7adb980d792f31d10fae5fed494163f5b72b31e3d913ef28f0,,[],30.0
160757,160757,20094.625,0.009690694926697531,602.83875,30.0,64,64,63,0.0842479383572936,0.06017490662634373,25.179123784384103,0.982701282016933,0.9261005446314812,0.08033418371563866,25.179123784384103,"[1920, 1088]","[1920, 1080]",1,False,,0.6528366804122925,0f0c0e2358ceec024230154da4777ed5c444a8382af1ec9d7165f3d7886141cf,0f0c0e2358ceec024230154da4777ed5c444a8382af1ec9d7165f3d7886141cf,18e4359425ca8c3be891489bbe92cc2d174c18a7e8b62fc527563ce8a7c92d4c,True,True,True,160757,/Huang_group/zyyz/Projects/GVC-RT/experiments/gvcrt_neural_wrapper_v6_10_conditional_perceptual_supervision/bitstreams/ulong/C1500/fee5d9ad-e77d-44cd-b576-d588d7a0ce9d/qp6.bin,b71e3a0548e69636a9ea151f9d1b1192e1f3dc60d7b4b900bdf10d70a0d45491,/Huang_group/zyyz/Projects/GVC-RT/experiments/gvcrt_neural_wrapper_v6_10_conditional_perceptual_supervision/features/ulong/C1500/fee5d9ad-e77d-44cd-b576-d588d7a0ce9d/qp6.npz,05fc3feed21c4ab086de80798363ec181a51d91512c8294228f3fb63e37871ec,"{'bridge': 'd38fcaac3a89993e6ab69888fe97a9784703d3eb5100224afc34c892034387d5', 'generator': '071878a735fc3cebe9599824882c2e558da6a6f2d6a1ae3cc7e7a3e7bf4a0f4d'}",ulong,C1500,0,fee5d9ad-e77d-44cd-b576-d588d7a0ce9d,6,6,353af8f758ee58b5c80ff13b9c4bcafddda40d0e8e4ddeeae6044a081d4eb743,/Huang_group/zyyz/Projects/GVC-RT/experiments/gvcrt_neural_wrapper_v6_10_conditional_perceptual_supervision/evaluation/checkpoints/C1500.pt,ecb6c9cefb760e7a427eb2c27853d2e1e4b67223b89fb4c147e20d72d7f1ce1b,2d4fbf66e6df1ae6b151c2b2fcb982e895284adc1fd991c425791a2a8c171c7c,"[0, 1, 2, 3, 4, 5, 6, 7, 8, 9, 10, 11, 12, 13, 14, 15, 16, 17, 18, 19, 20, 21, 22, 23, 24, 25, 26, 27, 28, 29, 30, 31, 32, 33, 34, 35, 36, 37, 38, 39, 40, 41, 42, 43, 44, 45, 46, 47, 48, 49, 50, 51, 52, 53, 54, 55, 56, 57, 58, 59, 60, 61, 62, 63]",a49d88051b2d2e5d1255d4f806a7569cda9b33a650a908566197031349ad8db4,1286056,24.801566551071076,64,0.12,/Huang_group/zyyz/Projects/GVC-RT/experiments/gvcrt_neural_wrapper_v6_10_conditional_perceptual_supervision/parts/ulong/C1500/video_00_qp6.frames.csv,dbec8c08de00ee258491b3229eed0949518b37e5391d4963d311525e49fd8b93,/Huang_group/zyyz/Projects/GVC-RT/experiments/gvcrt_neural_wrapper_v6_10_conditional_perceptual_supervision/features/ulong/C1500/fee5d9ad-e77d-44cd-b576-d588d7a0ce9d/qp6.transitions.csv,d22a65ae5d0bcf1820baf3ebca04d8e03758e9eac14a9138777353a75a1dad61,"[6, 8, 6, 7, 6, 7, 6, 7, 6, 8, 6, 7, 6, 7, 6, 7, 6, 8, 6, 7, 6, 7, 6, 7, 6, 8, 6, 7, 6, 7, 6, 7, 6, 8, 6, 7, 6, 7, 6, 7, 6, 8, 6, 7, 6, 7, 6, 7, 6, 8, 6, 7, 6, 7, 6, 7, 6, 8, 6, 7, 6, 7, 6, 7]",5,True,False,75.91814160346985,6b81d5e59ef797dae34f2fbec528f0a89c61302e1608b6e35fa93a311b263ce2,214c5b4ec5e2bf7adb980d792f31d10fae5fed494163f5b72b31e3d913ef28f0,,[],30.0
191064,191064,23883.0,0.011517650462962962,716.49,30.0,64,64,63,0.07909758150344715,0.05736859329044819,25.424764667129615,0.9837174573913217,0.9311644108965993,0.07471458105340836,25.424764667129615,"[1920, 1088]","[1920, 1080]",1,False,,0.6528366804122925,0f0c0e2358ceec024230154da4777ed5c444a8382af1ec9d7165f3d7886141cf,0f0c0e2358ceec024230154da4777ed5c444a8382af1ec9d7165f3d7886141cf,17add2f669266c83e88a2747db6c0da18da3bbc0a7bf38b8bdd59bb4054468dc,True,True,True,191064,/Huang_group/zyyz/Projects/GVC-RT/experiments/gvcrt_neural_wrapper_v6_10_conditional_perceptual_supervision/bitstreams/ulong/C1500/fee5d9ad-e77d-44cd-b576-d588d7a0ce9d/qp7.bin,62e7d02fcbb44c24cf1c7307485c663282fb3827761ea1ac02dc9bfeb7987f71,/Huang_group/zyyz/Projects/GVC-RT/experiments/gvcrt_neural_wrapper_v6_10_conditional_perceptual_supervision/features/ulong/C1500/fee5d9ad-e77d-44cd-b576-d588d7a0ce9d/qp7.npz,ed87a01aa9746959c9a9d688cb9cec5ed0518c32ae2e081e0a68cc1af05c3580,"{'bridge': 'd38fcaac3a89993e6ab69888fe97a9784703d3eb5100224afc34c892034387d5', 'generator': '071878a735fc3cebe9599824882c2e558da6a6f2d6a1ae3cc7e7a3e7bf4a0f4d'}",ulong,C1500,0,fee5d9ad-e77d-44cd-b576-d588d7a0ce9d,7,7,353af8f758ee58b5c80ff13b9c4bcafddda40d0e8e4ddeeae6044a081d4eb743,/Huang_group/zyyz/Projects/GVC-RT/experiments/gvcrt_neural_wrapper_v6_10_conditional_perceptual_supervision/evaluation/checkpoints/C1500.pt,ecb6c9cefb760e7a427eb2c27853d2e1e4b67223b89fb4c147e20d72d7f1ce1b,2d4fbf66e6df1ae6b151c2b2fcb982e895284adc1fd991c425791a2a8c171c7c,"[0, 1, 2, 3, 4, 5, 6, 7, 8, 9, 10, 11, 12, 13, 14, 15, 16, 17, 18, 19, 20, 21, 22, 23, 24, 25, 26, 27, 28, 29, 30, 31, 32, 33, 34, 35, 36, 37, 38, 39, 40, 41, 42, 43, 44, 45, 46, 47, 48, 49, 50, 51, 52, 53, 54, 55, 56, 57, 58, 59, 60, 61, 62, 63]",a49d88051b2d2e5d1255d4f806a7569cda9b33a650a908566197031349ad8db4,1528512,23.109973105468654,64,0.12,/Huang_group/zyyz/Projects/GVC-RT/experiments/gvcrt_neural_wrapper_v6_10_conditional_perceptual_supervision/parts/ulong/C1500/video_00_qp7.frames.csv,3840ad11b76a6833bef1c608a4d47f3d05ccce89ba2420a0e247b367f45f3aba,/Huang_group/zyyz/Projects/GVC-RT/experiments/gvcrt_neural_wrapper_v6_10_conditional_perceptual_supervision/features/ulong/C1500/fee5d9ad-e77d-44cd-b576-d588d7a0ce9d/qp7.transitions.csv,077b15f52400af60b1039f4599e2759c6c38d7cc5c2d5d22f5dcca96b02a067c,"[7, 9, 7, 8, 7, 8, 7, 8, 7, 9, 7, 8, 7, 8, 7, 8, 7, 9, 7, 8, 7, 8, 7, 8, 7, 9, 7, 8, 7, 8, 7, 8, 7, 9, 7, 8, 7, 8, 7, 8, 7, 9, 7, 8, 7, 8, 7, 8, 7, 9, 7, 8, 7, 8, 7, 8, 7, 9, 7, 8, 7, 8, 7, 8]",5,True,False,74.5948314666748,6b81d5e59ef797dae34f2fbec528f0a89c61302e1608b6e35fa93a311b263ce2,214c5b4ec5e2bf7adb980d792f31d10fae5fed494163f5b72b31e3d913ef28f0,,[],30.0
226138,226138,28267.25,0.013631968557098766,848.0175,30.0,64,64,63,0.07485056918812916,0.05594816990196705,25.6367468498083,0.9845273746177554,0.9352954728528857,0.07086965982757863,25.6367468498083,"[1920, 1088]","[1920, 1080]",1,False,,0.6528366804122925,0f0c0e2358ceec024230154da4777ed5c444a8382af1ec9d7165f3d7886141cf,0f0c0e2358ceec024230154da4777ed5c444a8382af1ec9d7165f3d7886141cf,b97fb8b09f9e0372e2d40399df2b862295bbf8d2c2ffa8b8c496a61ec6d1675f,True,True,True,226138,/Huang_group/zyyz/Projects/GVC-RT/experiments/gvcrt_neural_wrapper_v6_10_conditional_perceptual_supervision/bitstreams/ulong/C1500/fee5d9ad-e77d-44cd-b576-d588d7a0ce9d/qp8.bin,74fcb9832aa242d506c239b28d8c073dd99452a7cf34455115cd9052860163a7,/Huang_group/zyyz/Projects/GVC-RT/experiments/gvcrt_neural_wrapper_v6_10_conditional_perceptual_supervision/features/ulong/C1500/fee5d9ad-e77d-44cd-b576-d588d7a0ce9d/qp8.npz,2b6bda9151be91a33c75d5b2fcfce05f3d3607e550eb2f382a2f242dae2246a7,"{'bridge': 'd38fcaac3a89993e6ab69888fe97a9784703d3eb5100224afc34c892034387d5', 'generator': '071878a735fc3cebe9599824882c2e558da6a6f2d6a1ae3cc7e7a3e7bf4a0f4d'}",ulong,C1500,0,fee5d9ad-e77d-44cd-b576-d588d7a0ce9d,8,8,353af8f758ee58b5c80ff13b9c4bcafddda40d0e8e4ddeeae6044a081d4eb743,/Huang_group/zyyz/Projects/GVC-RT/experiments/gvcrt_neural_wrapper_v6_10_conditional_perceptual_supervision/evaluation/checkpoints/C1500.pt,ecb6c9cefb760e7a427eb2c27853d2e1e4b67223b89fb4c147e20d72d7f1ce1b,2d4fbf66e6df1ae6b151c2b2fcb982e895284adc1fd991c425791a2a8c171c7c,"[0, 1, 2, 3, 4, 5, 6, 7, 8, 9, 10, 11, 12, 13, 14, 15, 16, 17, 18, 19, 20, 21, 22, 23, 24, 25, 26, 27, 28, 29, 30, 31, 32, 33, 34, 35, 36, 37, 38, 39, 40, 41, 42, 43, 44, 45, 46, 47, 48, 49, 50, 51, 52, 53, 54, 55, 56, 57, 58, 59, 60, 61, 62, 63]",a49d88051b2d2e5d1255d4f806a7569cda9b33a650a908566197031349ad8db4,1809104,22.561022773863186,64,0.12,/Huang_group/zyyz/Projects/GVC-RT/experiments/gvcrt_neural_wrapper_v6_10_conditional_perceptual_supervision/parts/ulong/C1500/video_00_qp8.frames.csv,c0a710f81a035c3c97d62eb7d3efeb9fb873a402126596f6e31b09a6464a8c07,/Huang_group/zyyz/Projects/GVC-RT/experiments/gvcrt_neural_wrapper_v6_10_conditional_perceptual_supervision/features/ulong/C1500/fee5d9ad-e77d-44cd-b576-d588d7a0ce9d/qp8.transitions.csv,0a4d799b1b434482d9ca41d03ed0f66f7c292dbaa099c052d52ffbb37c1abc3c,"[8, 10, 8, 9, 8, 9, 8, 9, 8, 10, 8, 9, 8, 9, 8, 9, 8, 10, 8, 9, 8, 9, 8, 9, 8, 10, 8, 9, 8, 9, 8, 9, 8, 10, 8, 9, 8, 9, 8, 9, 8, 10, 8, 9, 8, 9, 8, 9, 8, 10, 8, 9, 8, 9, 8, 9, 8, 10, 8, 9, 8, 9, 8, 9]",5,True,False,75.18092060089111,6b81d5e59ef797dae34f2fbec528f0a89c61302e1608b6e35fa93a311b263ce2,214c5b4ec5e2bf7adb980d792f31d10fae5fed494163f5b72b31e3d913ef28f0,,[],30.0
265837,265837,33229.625,0.016025089216820988,996.88875,30.0,64,64,63,0.07185272680362687,0.05401154700666666,25.821467572364778,0.9851928735151887,0.9388432214036584,0.0681895710941818,25.821467572364778,"[1920, 1088]","[1920, 1080]",1,False,,0.6528366804122925,0f0c0e2358ceec024230154da4777ed5c444a8382af1ec9d7165f3d7886141cf,0f0c0e2358ceec024230154da4777ed5c444a8382af1ec9d7165f3d7886141cf,6aa0b6a5c8bbcbe08f55f754250547485428200c8cfa83288f5dd6d317c50ff4,True,True,True,265837,/Huang_group/zyyz/Projects/GVC-RT/experiments/gvcrt_neural_wrapper_v6_10_conditional_perceptual_supervision/bitstreams/ulong/C1500/fee5d9ad-e77d-44cd-b576-d588d7a0ce9d/qp9.bin,55ca22438ebe1913f909fce9cf03bc6f9c087d059f40503148f1c24ccda385b5,/Huang_group/zyyz/Projects/GVC-RT/experiments/gvcrt_neural_wrapper_v6_10_conditional_perceptual_supervision/features/ulong/C1500/fee5d9ad-e77d-44cd-b576-d588d7a0ce9d/qp9.npz,3048f43684d3389b74c6925959ced6af49158dc3c49cfaa0e7167cf712f04ba7,"{'bridge': 'd38fcaac3a89993e6ab69888fe97a9784703d3eb5100224afc34c892034387d5', 'generator': '071878a735fc3cebe9599824882c2e558da6a6f2d6a1ae3cc7e7a3e7bf4a0f4d'}",ulong,C1500,0,fee5d9ad-e77d-44cd-b576-d588d7a0ce9d,9,9,353af8f758ee58b5c80ff13b9c4bcafddda40d0e8e4ddeeae6044a081d4eb743,/Huang_group/zyyz/Projects/GVC-RT/experiments/gvcrt_neural_wrapper_v6_10_conditional_perceptual_supervision/evaluation/checkpoints/C1500.pt,ecb6c9cefb760e7a427eb2c27853d2e1e4b67223b89fb4c147e20d72d7f1ce1b,2d4fbf66e6df1ae6b151c2b2fcb982e895284adc1fd991c425791a2a8c171c7c,"[0, 1, 2, 3, 4, 5, 6, 7, 8, 9, 10, 11, 12, 13, 14, 15, 16, 17, 18, 19, 20, 21, 22, 23, 24, 25, 26, 27, 28, 29, 30, 31, 32, 33, 34, 35, 36, 37, 38, 39, 40, 41, 42, 43, 44, 45, 46, 47, 48, 49, 50, 51, 52, 53, 54, 55, 56, 57, 58, 59, 60, 61, 62, 63]",a49d88051b2d2e5d1255d4f806a7569cda9b33a650a908566197031349ad8db4,2126696,21.70540290540059,64,0.12,/Huang_group/zyyz/Projects/GVC-RT/experiments/gvcrt_neural_wrapper_v6_10_conditional_perceptual_supervision/parts/ulong/C1500/video_00_qp9.frames.csv,a435b787f3b64057a776ff287ce560da6d6f10287ccd6814e121f37168a7d626,/Huang_group/zyyz/Projects/GVC-RT/experiments/gvcrt_neural_wrapper_v6_10_conditional_perceptual_supervision/features/ulong/C1500/fee5d9ad-e77d-44cd-b576-d588d7a0ce9d/qp9.transitions.csv,ec6cb7ec3ab446e51fd22b3e01de8436b44cfafd24f8632844f130d8176cddb7,"[9, 11, 9, 10, 9, 10, 9, 10, 9, 11, 9, 10, 9, 10, 9, 10, 9, 11, 9, 10, 9, 10, 9, 10, 9, 11, 9, 10, 9, 10, 9, 10, 9, 11, 9, 10, 9, 10, 9, 10, 9, 11, 9, 10, 9, 10, 9, 10, 9, 11, 9, 10, 9, 10, 9, 10, 9, 11, 9, 10, 9, 10, 9, 10]",5,True,False,84.44647669792175,6b81d5e59ef797dae34f2fbec528f0a89c61302e1608b6e35fa93a311b263ce2,214c5b4ec5e2bf7adb980d792f31d10fae5fed494163f5b72b31e3d913ef28f0,/Huang_group/zyyz/Projects/GVC-RT/experiments/gvcrt_neural_wrapper_v6_10_conditional_perceptual_supervision/visualizations/ulong/C1500/fee5d9ad-e77d-44cd-b576-d588d7a0ce9d/qp9,"['b086be2ddc4948b9449cb02dfef4bf8230b969a95c05d448149ff84b41a9dc6b', 'fc37af02af724664eb12185eefb9dae31f8294cb7ef852b268166886d3585976', '25d8288413950649305c077fc3c1be4cb2d66088b1a77c22f305edfe5616c485', '0cd2989159cd72daefb2d57dbe5fe06938fa0e9dc1758c79c315be99e7dec256', '70a666a3ccf3bb35a48e4efdc8f30521d81e02d587ea74141b3d9a823234fbba', '6222b71935047378304508828d3294f39cbcffba00e1743d6001d8b66d91ee53', 'ba611ba39e0d0270e60fda30649e051f177114ef312f60b02f9d6d984aea4572', '655261b966bd4e3ef5ede8393cb16f94efbdfc0f6f56fff8ec4d84988053bcab', '5cfabb71257b9728b9d8ff6d07aad2de92b839ce0e114e9db6c23c54f964708a', '285d983f90025e479d3bd66d38c5f262361875d75b22cd357f8ccab5602d6d8e', '0c9404adbbc64627241ac0d826d1a18c90d4c1a37d196eef9200890f76894458', '43263689d62074f862cd4290401909e35b1a55b114e56c53a2248483941f6293', 'ab7092894a4a5af152390929a9856c5919a0d67b90055d664495757ffc5c7d4d', 'c7b99267fef73a02fc54e78dbdd1abee3a5a1aed40b2d68640dbcfec6760aa03', '74932dc049ee3ee422d3aea877d19aac233069db0c86af35c1edc0caa13af3e7', '584e54f997f11aad9e42060fa7bbdb4a3aeab55581b44c615eebf50ff5ffdc6c', '1fe666eaff2fbde7859a293b0f3dd71bb132809092da1077001c60cb9b8f209d', '400b6b2ff2ad2fee98638c5222961338ead68b5543f7ff80b407ca7be1da24b0', 'a8273703ff4fb09f149f44d7eeb8e56d79fa074a0e72202a34938f8f765fc795', 'b501a1f07e8cbb5fcfb6549074bc895fe49df2a1d704baa14544a71ba49c2c07', '5151d24c1fa9b4f34061709edb2dc5451dd616f46f234c4071aef4435f450079', '3e2296a00e189b505cb7e1922e0a79ad37b89d2bfd54aa80cfc764fbda76296e', '491e6d4fec0c03be21847aafba668705c430b366714411ab2bcad21fbabd0709', 'a92c8520575c4a68d23c2515789eb53e8216dde07f3e732a369752cc2aebbd03', 'e01c3763dde6ed37137883326d303eae8c5c3a2301d184bce43432d1f9d4cf13', 'ad2916d586e5220cd027c33b832228dcd2f6602c2f970aa76891a9a029fcbd33', '59e3e62b79d1a2630c6ac0b2c1aedcb01dd833d8af34390071ee002ea3df1eff', '6650e400c4c05550e439be3ad837d0f90a321495da8853bb169b527a879ea742', '73462fd5c0f8f6b4061d6265be7d687e194c3a90031dac72f28cf54a8c6af61b', 'ad0138dd163cca62ff35afb48906384b6d44d52ebab8d015e28333b21d3fc17d', 'd67e8c99b148c0762a7617d876d524e7e230fa8032f361a6f314902d1e1d7d66', '7c6a616c4909561b76979682201c51590ac7a45992f18ec8ce796884cefcf1f6', 'd7bf1ac3482bd7358470a5c5792c8ffd0c372dcbffadb049e33fac6537a3d76e', '406c1bfed92bca3484d0ef63e554664d2883a5129631f0cc355c0eeb4e63f884', 'cca449ece67c52888a5b5de433886ccaf7a3426b197b56149246501b4c1740a6', 'c730d1477ab0fd8853dba2666297066e0d469638606c09d42658f41956b4aa0a', 'faa18354d75bbf42582f053379ad66d9610ec82a753d3a4d2fbc37a64b5ff1f2', '87c4aec6f6dea1731e19faa6d7e814599475dea2b334ea128bb0f52ac62c599d', 'ba86b94a83c0cb5a61bf084bb45a7710dacbeb71e38c89d8760daf3eef7ccddb', 'a71ceed29908854802e88d9c6381ad5ab27fdac782ad89f24beb87ba2dacbc6d', '7767d33502b2129d900dd5f1505a6dc18daedcb1a3c013997ea8497583bd4813', '31e12906c5ac2f8f1dd26218a133fe291d84f9d6b53c7034372fe8b21abefee4', '511d36ca05d38a5f19baeecf891d079947358c356d4469fb94a3496d64a30d03', '8d3db6e55565d6a66a17b49af84e24e5f07b8fa0463770d9a734fd951ec833da', '5c9f86930a1bd356abdeeaa232d12b29fc80574931b5505e4dab6dafaa9c47ca', 'f1b8c95a2fbeb4a1ac6b98110e973d0b8a91011f8318785490f1f26609d442a8', '20ca129179e2f4652d7af67f1025fa8725599a9ac1643fff9e94076815820400', 'cce3447266c97aba6923de23c92b9b7e09d25b845091689b29b0445b1bc45733', '0295ca53ecefa06b590e7a61f6d839493b6b1ab031f4db7f8321e44462d88c37', '89c3b9315116e22b54213636c12afcb1ca3afb7a6008c7bb0d3ad891bb928920', 'c2a12e525b1c1a85330a649f2e5995afc7e195057601dab28179dd6ef408e652', '871c5df11e5c98f84b787af8f1afc95b99c7ade164c606924deaad784c363d36', '8d9dab327a7dd1dbbf9eb3b8ddc681785e37bf4ceca9df5c89cbe3c1f24f54d8', 'd5d2def3593eb49e198fe07e42403c550868b8b42523e93bea9d40f9443b8ee5', '0df3e8964fbc0d0b803fbef79ba3e8ed32d86b7bf576535eddcf1fe0a8fd1305', '830f011abf55a7007c2aa5d485e0285e575022a58ef005373b2da7bd464a1c31', 'e38f05fc3c72b2ca48f3d4816b1b823f6536fba0b3ec606973635f626d84b948', '3817374586e09a1e734a2d70cbd01cbcd810a442a64bd545e99af247c795342f', '520185e4f567268822a4ccd86478e074d90049aa5239be5b5a77365e81f1865a', 'd997ff6082b245e33bd3109bf6b9446b52df0d80e8ee7ae3ab8679679e5ee5c5', '4192befb722e8671417a571017a9a290da2705235da6b1d2ef0248d825bfc2b6', 'bb83e7334baa32db5f9c2f9a5686cd347bf7b251f10fd2a99ae6564458ddee1b', 'e7a0b23bcc630a87d30cc559ed08c82e5f5ea81c5a0d6f7802e50bd047fdd6ce', 'f96628e33726235756f43d37f2dfe5a2189842171cb4d00ee32d851d61ac2fa3']",30.0
