real_bytes,real_RANS_bytes,bits_per_frame,bpp,kbps,rate_accounting_fps,frames,num_frames,num_transitions,LPIPS,DISTS,PSNR,SSIM,MS_SSIM,FloLPIPS,PSNR_from_aggregate_MSE,processing_canvas,metric_crop,ec_part,identity_P,identity_P_exact,proxy_max_abs,compression_hash_before,compression_hash_after,reconstruction_sha256,independent_decode_pass,state_sync_pass,real_RANS,bytes_consumed,bitstream_path,bitstream_sha256,feature_path,feature_sha256,loaded_receiver_module_hashes,dataset,method,video_index,sequence,external_qp,QP,checkpoint_sha256,checkpoint_path,source_sha256,source_rgb_sha256,source_frame_indices,source_frame_indices_sha256,total_bits,FID,FID_num_samples,force_zero_thres,frame_metrics_path,frame_metrics_sha256,transitions_path,transitions_sha256,actual_qps,physical_gpu,fresh_run,temporal_resampling,elapsed_seconds,config_sha256,evaluator_sha256,visualization_dir,visualization_sha256,reused,reused_from,reused_point_sha256
3927,3927,952.0,0.0023224043715846993,19.04,20.0,33,33,32,0.16660034972609897,0.11289911739753955,22.424608278824437,0.9446863766872522,0.8543763594193892,0.18622718285769224,22.424608278824437,"[896, 512]","[854, 480]",0,False,,0.42088785767555237,0f0c0e2358ceec024230154da4777ed5c444a8382af1ec9d7165f3d7886141cf,0f0c0e2358ceec024230154da4777ed5c444a8382af1ec9d7165f3d7886141cf,d0151987c94688ee203422cafe80d520814b6d4a36cfebdcc3a685f6cc48feeb,True,True,True,3927,/Huang_group/zyyz/Projects/GVC-RT/experiments/gvcrt_neural_wrapper_v6_8b_soft_generator_update_control/bitstreams/virat480/G50_1500/specified__VIRAT_S_010200_03_000470_000567_17fps_gop_000000__480p/qp0.bin,52c7eb5c7c1aadb091ac0b58a874eb78304e92f2863caa20c89a1759cc4ac892,/Huang_group/zyyz/Projects/GVC-RT/experiments/gvcrt_neural_wrapper_v6_8b_soft_generator_update_control/features/virat480/G50_1500/specified__VIRAT_S_010200_03_000470_000567_17fps_gop_000000__480p/qp0.npz,174d4c9096d4c70b38f4b8f6f22e0f8f1a88af1c83c9c27905f06fc980a44fc4,"{'bridge': 'f18f0f2c9d53182168da0bd15b52b04cd9c0135f329beee81155b204db971533', 'generator': 'f280d3ad5874d2004551a99d439e1a2a599fb19a2443961e79b10baf038130bd'}",virat480,G50_1500,5,specified__VIRAT_S_010200_03_000470_000567_17fps_gop_000000__480p,0,0,8144930bb0f6d608a5ca3d12ad159d12a071c4c5d907f88b083dbd8d1ab85c07,/Huang_group/zyyz/Projects/GVC-RT/experiments/gvcrt_neural_wrapper_v6_8b_soft_generator_update_control/branches/G50_interface_preserve/checkpoints/step_1500.pt,f4d9936aa344ed527f4ae55f9910803e83bb8ca490bedc06f910ccafde8bbbdd,4e603ecdaae9fbb4a004536146c2858e29a21d35ca7805e79247601a0d536a89,"[0, 1, 3, 4, 6, 7, 8, 10, 11, 13, 14, 16, 17, 18, 20, 21, 23, 24, 25, 27, 28, 30, 31, 32, 34, 35, 37, 38, 39, 41, 42, 44, 45]",54c834d379ccf2a6869851181169605f936913f77611b47dcc50dd99aa263b05,31416,166.18011483468644,33,0.12,/Huang_group/zyyz/Projects/GVC-RT/experiments/gvcrt_neural_wrapper_v6_8b_soft_generator_update_control/parts/virat480/G50_1500/video_05_qp0.frames.csv,ff76aca95831d7fb66106c199d4933812957e5ce0b77b0aba099f963123e1779,/Huang_group/zyyz/Projects/GVC-RT/experiments/gvcrt_neural_wrapper_v6_8b_soft_generator_update_control/features/virat480/G50_1500/specified__VIRAT_S_010200_03_000470_000567_17fps_gop_000000__480p/qp0.transitions.csv,79d0d91b91ae4d12030996208da2a1527dbaa2dc6268e867028495766d869b4c,"[0, 2, 0, 1, 0, 1, 0, 1, 0, 2, 0, 1, 0, 1, 0, 1, 0, 2, 0, 1, 0, 1, 0, 1, 0, 2, 0, 1, 0, 1, 0, 1, 0]",4,True,False,18.68951106071472,e4fe7d1d136aa48c7ce06a20e54785bbd43bed05d669919daeec568b31ab802a,214c5b4ec5e2bf7adb980d792f31d10fae5fed494163f5b72b31e3d913ef28f0,,[],True,/Huang_group/zyyz/Projects/GVC-RT/experiments/gvcrt_neural_wrapper_v6_8b_soft_generator_update_control/parts/virat480/G50_1500/video_05_qp0.json,94f2a8671f9ad4bfe7dc899b567322a71a60b05b0f0f885865df932529f13a9f
4962,4962,1202.909090909091,0.002934497196792279,24.05818181818182,20.0,33,33,32,0.14921115835507712,0.10653444853695956,23.093244255255424,0.9520578980445862,0.8729781345887617,0.17118267389014363,23.093244255255424,"[896, 512]","[854, 480]",0,False,,0.42088785767555237,0f0c0e2358ceec024230154da4777ed5c444a8382af1ec9d7165f3d7886141cf,0f0c0e2358ceec024230154da4777ed5c444a8382af1ec9d7165f3d7886141cf,49bcbd0ceb6d8eff9e8de8885e84f4e439afb420ae8ebf58603cfcda4c666539,True,True,True,4962,/Huang_group/zyyz/Projects/GVC-RT/experiments/gvcrt_neural_wrapper_v6_8b_soft_generator_update_control/bitstreams/virat480/G50_1500/specified__VIRAT_S_010200_03_000470_000567_17fps_gop_000000__480p/qp1.bin,a8e144e94b321b282b7a09c1a75d1534d79a8b7f103c8f9038853d70f04b89f3,/Huang_group/zyyz/Projects/GVC-RT/experiments/gvcrt_neural_wrapper_v6_8b_soft_generator_update_control/features/virat480/G50_1500/specified__VIRAT_S_010200_03_000470_000567_17fps_gop_000000__480p/qp1.npz,39cba9e35741458e096775f295ca4559486da8a6746651376fd575d0dd5c2645,"{'bridge': 'f18f0f2c9d53182168da0bd15b52b04cd9c0135f329beee81155b204db971533', 'generator': 'f280d3ad5874d2004551a99d439e1a2a599fb19a2443961e79b10baf038130bd'}",virat480,G50_1500,5,specified__VIRAT_S_010200_03_000470_000567_17fps_gop_000000__480p,1,1,8144930bb0f6d608a5ca3d12ad159d12a071c4c5d907f88b083dbd8d1ab85c07,/Huang_group/zyyz/Projects/GVC-RT/experiments/gvcrt_neural_wrapper_v6_8b_soft_generator_update_control/branches/G50_interface_preserve/checkpoints/step_1500.pt,f4d9936aa344ed527f4ae55f9910803e83bb8ca490bedc06f910ccafde8bbbdd,4e603ecdaae9fbb4a004536146c2858e29a21d35ca7805e79247601a0d536a89,"[0, 1, 3, 4, 6, 7, 8, 10, 11, 13, 14, 16, 17, 18, 20, 21, 23, 24, 25, 27, 28, 30, 31, 32, 34, 35, 37, 38, 39, 41, 42, 44, 45]",54c834d379ccf2a6869851181169605f936913f77611b47dcc50dd99aa263b05,39696,161.79790133726735,33,0.12,/Huang_group/zyyz/Projects/GVC-RT/experiments/gvcrt_neural_wrapper_v6_8b_soft_generator_update_control/parts/virat480/G50_1500/video_05_qp1.frames.csv,c645397c1b57bacd95d8c65c98ad5cde381686ffa56c36eac3f9882abe5e919e,/Huang_group/zyyz/Projects/GVC-RT/experiments/gvcrt_neural_wrapper_v6_8b_soft_generator_update_control/features/virat480/G50_1500/specified__VIRAT_S_010200_03_000470_000567_17fps_gop_000000__480p/qp1.transitions.csv,19f591e5962f67854af14da8281041c5f5cc120aeeaf61f5466ca50136d741db,"[1, 3, 1, 2, 1, 2, 1, 2, 1, 3, 1, 2, 1, 2, 1, 2, 1, 3, 1, 2, 1, 2, 1, 2, 1, 3, 1, 2, 1, 2, 1, 2, 1]",4,True,False,18.215291738510132,e4fe7d1d136aa48c7ce06a20e54785bbd43bed05d669919daeec568b31ab802a,214c5b4ec5e2bf7adb980d792f31d10fae5fed494163f5b72b31e3d913ef28f0,,[],True,/Huang_group/zyyz/Projects/GVC-RT/experiments/gvcrt_neural_wrapper_v6_8b_soft_generator_update_control/parts/virat480/G50_1500/video_05_qp1.json,2e88cf7f7655b252f2f7c226c33ec32948c1ddfa97a253abdc8bee52f45c0cb6
5881,5881,1425.6969696969697,0.003477988314053888,28.513939393939395,20.0,33,33,32,0.1332135180180723,0.10292084650559859,23.521181893207217,0.9563913255026846,0.8853804342674486,0.1478241269942373,23.521181893207217,"[896, 512]","[854, 480]",0,False,,0.42088785767555237,0f0c0e2358ceec024230154da4777ed5c444a8382af1ec9d7165f3d7886141cf,0f0c0e2358ceec024230154da4777ed5c444a8382af1ec9d7165f3d7886141cf,5f592dfe23aed091b5b9c615a77d20c88122000c0e2a01786cf69ba13af66e72,True,True,True,5881,/Huang_group/zyyz/Projects/GVC-RT/experiments/gvcrt_neural_wrapper_v6_8b_soft_generator_update_control/bitstreams/virat480/G50_1500/specified__VIRAT_S_010200_03_000470_000567_17fps_gop_000000__480p/qp2.bin,d42d605401fc7c46a11bc3c48c0f2664b653f49ad4df6b6b2b9fca68c37e9fb3,/Huang_group/zyyz/Projects/GVC-RT/experiments/gvcrt_neural_wrapper_v6_8b_soft_generator_update_control/features/virat480/G50_1500/specified__VIRAT_S_010200_03_000470_000567_17fps_gop_000000__480p/qp2.npz,7b1b3ba588fd1284fd36b65be6ea11cb13a1ef8a4200de2f718d38a3a6c472b5,"{'bridge': 'f18f0f2c9d53182168da0bd15b52b04cd9c0135f329beee81155b204db971533', 'generator': 'f280d3ad5874d2004551a99d439e1a2a599fb19a2443961e79b10baf038130bd'}",virat480,G50_1500,5,specified__VIRAT_S_010200_03_000470_000567_17fps_gop_000000__480p,2,2,8144930bb0f6d608a5ca3d12ad159d12a071c4c5d907f88b083dbd8d1ab85c07,/Huang_group/zyyz/Projects/GVC-RT/experiments/gvcrt_neural_wrapper_v6_8b_soft_generator_update_control/branches/G50_interface_preserve/checkpoints/step_1500.pt,f4d9936aa344ed527f4ae55f9910803e83bb8ca490bedc06f910ccafde8bbbdd,4e603ecdaae9fbb4a004536146c2858e29a21d35ca7805e79247601a0d536a89,"[0, 1, 3, 4, 6, 7, 8, 10, 11, 13, 14, 16, 17, 18, 20, 21, 23, 24, 25, 27, 28, 30, 31, 32, 34, 35, 37, 38, 39, 41, 42, 44, 45]",54c834d379ccf2a6869851181169605f936913f77611b47dcc50dd99aa263b05,47048,126.66865680267921,33,0.12,/Huang_group/zyyz/Projects/GVC-RT/experiments/gvcrt_neural_wrapper_v6_8b_soft_generator_update_control/parts/virat480/G50_1500/video_05_qp2.frames.csv,72bd346a4baf5fa61a234dcb99435500c9f1caea54e1524f1d97802f3856e0ed,/Huang_group/zyyz/Projects/GVC-RT/experiments/gvcrt_neural_wrapper_v6_8b_soft_generator_update_control/features/virat480/G50_1500/specified__VIRAT_S_010200_03_000470_000567_17fps_gop_000000__480p/qp2.transitions.csv,b9b5a8fdc365ebdfbf77fe3e9f89dba7c9d3a07f8af14c0ea0fbc29647d50e1f,"[2, 4, 2, 3, 2, 3, 2, 3, 2, 4, 2, 3, 2, 3, 2, 3, 2, 4, 2, 3, 2, 3, 2, 3, 2, 4, 2, 3, 2, 3, 2, 3, 2]",4,True,False,17.80127239227295,e4fe7d1d136aa48c7ce06a20e54785bbd43bed05d669919daeec568b31ab802a,214c5b4ec5e2bf7adb980d792f31d10fae5fed494163f5b72b31e3d913ef28f0,,[],True,/Huang_group/zyyz/Projects/GVC-RT/experiments/gvcrt_neural_wrapper_v6_8b_soft_generator_update_control/parts/virat480/G50_1500/video_05_qp2.json,cde499be1c4cfc4c9f81c1d1f8b49850967bf2afbd7df3749e155c536532cdd5
7224,7224,1751.2727272727273,0.0042722305017386985,35.025454545454544,20.0,33,33,32,0.12211698587193634,0.0891112612955498,24.05104538786354,0.9612345424565402,0.8994205720496901,0.1377279465086758,24.05104538786354,"[896, 512]","[854, 480]",0,False,,0.42088785767555237,0f0c0e2358ceec024230154da4777ed5c444a8382af1ec9d7165f3d7886141cf,0f0c0e2358ceec024230154da4777ed5c444a8382af1ec9d7165f3d7886141cf,494d5400771954befb061ccb67111ef93288d65bb80e3094c46d08057512b297,True,True,True,7224,/Huang_group/zyyz/Projects/GVC-RT/experiments/gvcrt_neural_wrapper_v6_8b_soft_generator_update_control/bitstreams/virat480/G50_1500/specified__VIRAT_S_010200_03_000470_000567_17fps_gop_000000__480p/qp3.bin,5989cc508fb2e6cf3fe4e8ea8e5fa235aaf27a18d3318bb74011c7852701ad8c,/Huang_group/zyyz/Projects/GVC-RT/experiments/gvcrt_neural_wrapper_v6_8b_soft_generator_update_control/features/virat480/G50_1500/specified__VIRAT_S_010200_03_000470_000567_17fps_gop_000000__480p/qp3.npz,51da021c8f8c304be27e1e6c64877305aef7c8b428af782617628ecb9a059a5e,"{'bridge': 'f18f0f2c9d53182168da0bd15b52b04cd9c0135f329beee81155b204db971533', 'generator': 'f280d3ad5874d2004551a99d439e1a2a599fb19a2443961e79b10baf038130bd'}",virat480,G50_1500,5,specified__VIRAT_S_010200_03_000470_000567_17fps_gop_000000__480p,3,3,8144930bb0f6d608a5ca3d12ad159d12a071c4c5d907f88b083dbd8d1ab85c07,/Huang_group/zyyz/Projects/GVC-RT/experiments/gvcrt_neural_wrapper_v6_8b_soft_generator_update_control/branches/G50_interface_preserve/checkpoints/step_1500.pt,f4d9936aa344ed527f4ae55f9910803e83bb8ca490bedc06f910ccafde8bbbdd,4e603ecdaae9fbb4a004536146c2858e29a21d35ca7805e79247601a0d536a89,"[0, 1, 3, 4, 6, 7, 8, 10, 11, 13, 14, 16, 17, 18, 20, 21, 23, 24, 25, 27, 28, 30, 31, 32, 34, 35, 37, 38, 39, 41, 42, 44, 45]",54c834d379ccf2a6869851181169605f936913f77611b47dcc50dd99aa263b05,57792,104.97877529748209,33,0.12,/Huang_group/zyyz/Projects/GVC-RT/experiments/gvcrt_neural_wrapper_v6_8b_soft_generator_update_control/parts/virat480/G50_1500/video_05_qp3.frames.csv,5f26e84052a528d0a1a1bc7c8ea45e0d5ef9a01b6015bbfc9a2ae9edd783e39e,/Huang_group/zyyz/Projects/GVC-RT/experiments/gvcrt_neural_wrapper_v6_8b_soft_generator_update_control/features/virat480/G50_1500/specified__VIRAT_S_010200_03_000470_000567_17fps_gop_000000__480p/qp3.transitions.csv,c439ec7b69a002336aa3c0381a97e044a58aa8b8242ee4e5364b35add9a785cf,"[3, 5, 3, 4, 3, 4, 3, 4, 3, 5, 3, 4, 3, 4, 3, 4, 3, 5, 3, 4, 3, 4, 3, 4, 3, 5, 3, 4, 3, 4, 3, 4, 3]",4,True,False,17.224247932434082,e4fe7d1d136aa48c7ce06a20e54785bbd43bed05d669919daeec568b31ab802a,214c5b4ec5e2bf7adb980d792f31d10fae5fed494163f5b72b31e3d913ef28f0,,[],True,/Huang_group/zyyz/Projects/GVC-RT/experiments/gvcrt_neural_wrapper_v6_8b_soft_generator_update_control/parts/virat480/G50_1500/video_05_qp3.json,b8d6c19385b2e24b3b7d4ce7532f6ead9f3827374d9d24ff7c6cf2be2b2227c3
8784,8784,2129.4545454545455,0.005194805194805195,42.58909090909091,20.0,33,33,32,0.1133827165220723,0.08759751645001498,24.469819366847148,0.9645203189416365,0.9087708122802504,0.12461534142494202,24.469819366847148,"[896, 512]","[854, 480]",0,False,,0.42088785767555237,0f0c0e2358ceec024230154da4777ed5c444a8382af1ec9d7165f3d7886141cf,0f0c0e2358ceec024230154da4777ed5c444a8382af1ec9d7165f3d7886141cf,97f27c8a582a2117bb9c1c19708c5ce203e02c24289fa33effaf4451f9e2e628,True,True,True,8784,/Huang_group/zyyz/Projects/GVC-RT/experiments/gvcrt_neural_wrapper_v6_8b_soft_generator_update_control/bitstreams/virat480/G50_1500/specified__VIRAT_S_010200_03_000470_000567_17fps_gop_000000__480p/qp4.bin,51bbd1c717b646cd7357e5b70cd5b53b05a4147c1034253a2a6cea7e0ca535e9,/Huang_group/zyyz/Projects/GVC-RT/experiments/gvcrt_neural_wrapper_v6_8b_soft_generator_update_control/features/virat480/G50_1500/specified__VIRAT_S_010200_03_000470_000567_17fps_gop_000000__480p/qp4.npz,ecb9a9e133429f9ee0df6c84d69d265841b7225d305e8c08b0ac5b19ac603de6,"{'bridge': 'f18f0f2c9d53182168da0bd15b52b04cd9c0135f329beee81155b204db971533', 'generator': 'f280d3ad5874d2004551a99d439e1a2a599fb19a2443961e79b10baf038130bd'}",virat480,G50_1500,5,specified__VIRAT_S_010200_03_000470_000567_17fps_gop_000000__480p,4,4,8144930bb0f6d608a5ca3d12ad159d12a071c4c5d907f88b083dbd8d1ab85c07,/Huang_group/zyyz/Projects/GVC-RT/experiments/gvcrt_neural_wrapper_v6_8b_soft_generator_update_control/branches/G50_interface_preserve/checkpoints/step_1500.pt,f4d9936aa344ed527f4ae55f9910803e83bb8ca490bedc06f910ccafde8bbbdd,4e603ecdaae9fbb4a004536146c2858e29a21d35ca7805e79247601a0d536a89,"[0, 1, 3, 4, 6, 7, 8, 10, 11, 13, 14, 16, 17, 18, 20, 21, 23, 24, 25, 27, 28, 30, 31, 32, 34, 35, 37, 38, 39, 41, 42, 44, 45]",54c834d379ccf2a6869851181169605f936913f77611b47dcc50dd99aa263b05,70272,101.82559038644357,33,0.12,/Huang_group/zyyz/Projects/GVC-RT/experiments/gvcrt_neural_wrapper_v6_8b_soft_generator_update_control/parts/virat480/G50_1500/video_05_qp4.frames.csv,6cf91d48f04da3f34073206811de309cd4bd95698d5fe2c67bd8335594374b0e,/Huang_group/zyyz/Projects/GVC-RT/experiments/gvcrt_neural_wrapper_v6_8b_soft_generator_update_control/features/virat480/G50_1500/specified__VIRAT_S_010200_03_000470_000567_17fps_gop_000000__480p/qp4.transitions.csv,118778103a27f8a776acaed0c637b533be482bf4807a414d648dc01848f1173b,"[4, 6, 4, 5, 4, 5, 4, 5, 4, 6, 4, 5, 4, 5, 4, 5, 4, 6, 4, 5, 4, 5, 4, 5, 4, 6, 4, 5, 4, 5, 4, 5, 4]",4,True,False,17.20898413658142,e4fe7d1d136aa48c7ce06a20e54785bbd43bed05d669919daeec568b31ab802a,214c5b4ec5e2bf7adb980d792f31d10fae5fed494163f5b72b31e3d913ef28f0,,[],True,/Huang_group/zyyz/Projects/GVC-RT/experiments/gvcrt_neural_wrapper_v6_8b_soft_generator_update_control/parts/virat480/G50_1500/video_05_qp4.json,2124777264147ca17294a029e5801a5705f8bf5afc170286eefc9573f93d94ad
10941,10941,2652.3636363636365,0.006470442126179831,53.04727272727273,20.0,33,33,32,0.10148266386805159,0.08077810749863133,24.857789236657453,0.9674663579825199,0.9174914757410685,0.1121096049901098,24.857789236657453,"[896, 512]","[854, 480]",0,False,,0.42088785767555237,0f0c0e2358ceec024230154da4777ed5c444a8382af1ec9d7165f3d7886141cf,0f0c0e2358ceec024230154da4777ed5c444a8382af1ec9d7165f3d7886141cf,6064553eb06f049cd575d5095f46f20163a81f24cb08bebc920fe3c5a12575d6,True,True,True,10941,/Huang_group/zyyz/Projects/GVC-RT/experiments/gvcrt_neural_wrapper_v6_8b_soft_generator_update_control/bitstreams/virat480/G50_1500/specified__VIRAT_S_010200_03_000470_000567_17fps_gop_000000__480p/qp5.bin,663e7b3a9ef3a730bf82df69adf00855ab1b468dc983ed09fe45b5867bd6d3a9,/Huang_group/zyyz/Projects/GVC-RT/experiments/gvcrt_neural_wrapper_v6_8b_soft_generator_update_control/features/virat480/G50_1500/specified__VIRAT_S_010200_03_000470_000567_17fps_gop_000000__480p/qp5.npz,448d0af61ad9649a1dae888e31340a540a7f2b4abf1952c560070fe2e5d321a9,"{'bridge': 'f18f0f2c9d53182168da0bd15b52b04cd9c0135f329beee81155b204db971533', 'generator': 'f280d3ad5874d2004551a99d439e1a2a599fb19a2443961e79b10baf038130bd'}",virat480,G50_1500,5,specified__VIRAT_S_010200_03_000470_000567_17fps_gop_000000__480p,5,5,8144930bb0f6d608a5ca3d12ad159d12a071c4c5d907f88b083dbd8d1ab85c07,/Huang_group/zyyz/Projects/GVC-RT/experiments/gvcrt_neural_wrapper_v6_8b_soft_generator_update_control/branches/G50_interface_preserve/checkpoints/step_1500.pt,f4d9936aa344ed527f4ae55f9910803e83bb8ca490bedc06f910ccafde8bbbdd,4e603ecdaae9fbb4a004536146c2858e29a21d35ca7805e79247601a0d536a89,"[0, 1, 3, 4, 6, 7, 8, 10, 11, 13, 14, 16, 17, 18, 20, 21, 23, 24, 25, 27, 28, 30, 31, 32, 34, 35, 37, 38, 39, 41, 42, 44, 45]",54c834d379ccf2a6869851181169605f936913f77611b47dcc50dd99aa263b05,87528,87.42608302578242,33,0.12,/Huang_group/zyyz/Projects/GVC-RT/experiments/gvcrt_neural_wrapper_v6_8b_soft_generator_update_control/parts/virat480/G50_1500/video_05_qp5.frames.csv,5ac1a953071db860ce335851029d8aecb72afa8ba5073548ff6c723340d66e25,/Huang_group/zyyz/Projects/GVC-RT/experiments/gvcrt_neural_wrapper_v6_8b_soft_generator_update_control/features/virat480/G50_1500/specified__VIRAT_S_010200_03_000470_000567_17fps_gop_000000__480p/qp5.transitions.csv,867539375a34b4a06406b44e3a01b8473a76ddbb5bc189e17cd1fe1863f9cee4,"[5, 7, 5, 6, 5, 6, 5, 6, 5, 7, 5, 6, 5, 6, 5, 6, 5, 7, 5, 6, 5, 6, 5, 6, 5, 7, 5, 6, 5, 6, 5, 6, 5]",4,True,False,17.49285364151001,e4fe7d1d136aa48c7ce06a20e54785bbd43bed05d669919daeec568b31ab802a,214c5b4ec5e2bf7adb980d792f31d10fae5fed494163f5b72b31e3d913ef28f0,,[],True,/Huang_group/zyyz/Projects/GVC-RT/experiments/gvcrt_neural_wrapper_v6_8b_soft_generator_update_control/parts/virat480/G50_1500/video_05_qp5.json,e9f845d306d2c1ec251d74e58d1da640e535cb23b71eef5652a7e22d67b9f7cd
13208,13208,3201.939393939394,0.007811132401296336,64.03878787878789,20.0,33,33,32,0.09387906256950262,0.08068224516781894,25.232811442594105,0.9699797196821733,0.9236755334969723,0.10195408877916634,25.232811442594105,"[896, 512]","[854, 480]",0,False,,0.42088785767555237,0f0c0e2358ceec024230154da4777ed5c444a8382af1ec9d7165f3d7886141cf,0f0c0e2358ceec024230154da4777ed5c444a8382af1ec9d7165f3d7886141cf,0fd252fd09aee9ef4ed3e12eda56aeabab1801cfadff492e483304177652bf15,True,True,True,13208,/Huang_group/zyyz/Projects/GVC-RT/experiments/gvcrt_neural_wrapper_v6_8b_soft_generator_update_control/bitstreams/virat480/G50_1500/specified__VIRAT_S_010200_03_000470_000567_17fps_gop_000000__480p/qp6.bin,5e85131f0e0383258335890f699df7cc579c810a19286125e12ba0ec376cf3be,/Huang_group/zyyz/Projects/GVC-RT/experiments/gvcrt_neural_wrapper_v6_8b_soft_generator_update_control/features/virat480/G50_1500/specified__VIRAT_S_010200_03_000470_000567_17fps_gop_000000__480p/qp6.npz,0fa0732df72b0dfe2a52fc21b2147a8aa2731aae40885790162de62782fa2583,"{'bridge': 'f18f0f2c9d53182168da0bd15b52b04cd9c0135f329beee81155b204db971533', 'generator': 'f280d3ad5874d2004551a99d439e1a2a599fb19a2443961e79b10baf038130bd'}",virat480,G50_1500,5,specified__VIRAT_S_010200_03_000470_000567_17fps_gop_000000__480p,6,6,8144930bb0f6d608a5ca3d12ad159d12a071c4c5d907f88b083dbd8d1ab85c07,/Huang_group/zyyz/Projects/GVC-RT/experiments/gvcrt_neural_wrapper_v6_8b_soft_generator_update_control/branches/G50_interface_preserve/checkpoints/step_1500.pt,f4d9936aa344ed527f4ae55f9910803e83bb8ca490bedc06f910ccafde8bbbdd,4e603ecdaae9fbb4a004536146c2858e29a21d35ca7805e79247601a0d536a89,"[0, 1, 3, 4, 6, 7, 8, 10, 11, 13, 14, 16, 17, 18, 20, 21, 23, 24, 25, 27, 28, 30, 31, 32, 34, 35, 37, 38, 39, 41, 42, 44, 45]",54c834d379ccf2a6869851181169605f936913f77611b47dcc50dd99aa263b05,105664,86.98732915652342,33,0.12,/Huang_group/zyyz/Projects/GVC-RT/experiments/gvcrt_neural_wrapper_v6_8b_soft_generator_update_control/parts/virat480/G50_1500/video_05_qp6.frames.csv,9cbc8d320de12b30e30ae339c5dc652bb8ce24c250cd8cad872b7aa7e19c935a,/Huang_group/zyyz/Projects/GVC-RT/experiments/gvcrt_neural_wrapper_v6_8b_soft_generator_update_control/features/virat480/G50_1500/specified__VIRAT_S_010200_03_000470_000567_17fps_gop_000000__480p/qp6.transitions.csv,d1ca048e692bec05824c125e9745dd8c147e512d91d3eeebb1f5d958783e3431,"[6, 8, 6, 7, 6, 7, 6, 7, 6, 8, 6, 7, 6, 7, 6, 7, 6, 8, 6, 7, 6, 7, 6, 7, 6, 8, 6, 7, 6, 7, 6, 7, 6]",4,True,False,17.407726287841797,e4fe7d1d136aa48c7ce06a20e54785bbd43bed05d669919daeec568b31ab802a,214c5b4ec5e2bf7adb980d792f31d10fae5fed494163f5b72b31e3d913ef28f0,,[],True,/Huang_group/zyyz/Projects/GVC-RT/experiments/gvcrt_neural_wrapper_v6_8b_soft_generator_update_control/parts/virat480/G50_1500/video_05_qp6.json,a6e6203a047308f90e5a99961d47f958dc7dac78a18631bdd87e99f2892e0149
15705,15705,3807.2727272727275,0.009287843304236747,76.14545454545454,20.0,33,33,32,0.08802379577448874,0.07522137598557906,25.499674424831266,0.9716758113918882,0.9290871042193789,0.09674821724183857,25.499674424831266,"[896, 512]","[854, 480]",0,False,,0.42088785767555237,0f0c0e2358ceec024230154da4777ed5c444a8382af1ec9d7165f3d7886141cf,0f0c0e2358ceec024230154da4777ed5c444a8382af1ec9d7165f3d7886141cf,4bc2adf4d45bcc0255c754d8d2ffcbf41d2e34631befe972c5ee8a4c520d195f,True,True,True,15705,/Huang_group/zyyz/Projects/GVC-RT/experiments/gvcrt_neural_wrapper_v6_8b_soft_generator_update_control/bitstreams/virat480/G50_1500/specified__VIRAT_S_010200_03_000470_000567_17fps_gop_000000__480p/qp7.bin,db28279c9ff27a27a4845afdce9ded98a55dbfdbb74247af3f5b324747d7257c,/Huang_group/zyyz/Projects/GVC-RT/experiments/gvcrt_neural_wrapper_v6_8b_soft_generator_update_control/features/virat480/G50_1500/specified__VIRAT_S_010200_03_000470_000567_17fps_gop_000000__480p/qp7.npz,5530f05997e59fb0a79514e19757c07188409d77c9b51dd5f382c2028cfaed58,"{'bridge': 'f18f0f2c9d53182168da0bd15b52b04cd9c0135f329beee81155b204db971533', 'generator': 'f280d3ad5874d2004551a99d439e1a2a599fb19a2443961e79b10baf038130bd'}",virat480,G50_1500,5,specified__VIRAT_S_010200_03_000470_000567_17fps_gop_000000__480p,7,7,8144930bb0f6d608a5ca3d12ad159d12a071c4c5d907f88b083dbd8d1ab85c07,/Huang_group/zyyz/Projects/GVC-RT/experiments/gvcrt_neural_wrapper_v6_8b_soft_generator_update_control/branches/G50_interface_preserve/checkpoints/step_1500.pt,f4d9936aa344ed527f4ae55f9910803e83bb8ca490bedc06f910ccafde8bbbdd,4e603ecdaae9fbb4a004536146c2858e29a21d35ca7805e79247601a0d536a89,"[0, 1, 3, 4, 6, 7, 8, 10, 11, 13, 14, 16, 17, 18, 20, 21, 23, 24, 25, 27, 28, 30, 31, 32, 34, 35, 37, 38, 39, 41, 42, 44, 45]",54c834d379ccf2a6869851181169605f936913f77611b47dcc50dd99aa263b05,125640,78.57265314387897,33,0.12,/Huang_group/zyyz/Projects/GVC-RT/experiments/gvcrt_neural_wrapper_v6_8b_soft_generator_update_control/parts/virat480/G50_1500/video_05_qp7.frames.csv,272e32ab8d393bbef174fdd72a3dec7967eeec4621e0a88f87ad79019253b289,/Huang_group/zyyz/Projects/GVC-RT/experiments/gvcrt_neural_wrapper_v6_8b_soft_generator_update_control/features/virat480/G50_1500/specified__VIRAT_S_010200_03_000470_000567_17fps_gop_000000__480p/qp7.transitions.csv,44135bd948faba32435ff0997ebc2d0fdd014ada2888b290894ebfb3fd6cd9fe,"[7, 9, 7, 8, 7, 8, 7, 8, 7, 9, 7, 8, 7, 8, 7, 8, 7, 9, 7, 8, 7, 8, 7, 8, 7, 9, 7, 8, 7, 8, 7, 8, 7]",4,True,False,17.253472089767456,e4fe7d1d136aa48c7ce06a20e54785bbd43bed05d669919daeec568b31ab802a,214c5b4ec5e2bf7adb980d792f31d10fae5fed494163f5b72b31e3d913ef28f0,,[],True,/Huang_group/zyyz/Projects/GVC-RT/experiments/gvcrt_neural_wrapper_v6_8b_soft_generator_update_control/parts/virat480/G50_1500/video_05_qp7.json,f2a80bab5b479ea0ae54aae1913b5cf102800d9bfc0fe54efa8b76d8fc1db72a
18291,18291,4434.181818181818,0.01081718827620467,88.68363636363635,20.0,33,33,32,0.08471033564119627,0.0731199455983711,25.686678827661943,0.9728169043858846,0.9330283764636877,0.09324764204211533,25.686678827661943,"[896, 512]","[854, 480]",0,False,,0.42088785767555237,0f0c0e2358ceec024230154da4777ed5c444a8382af1ec9d7165f3d7886141cf,0f0c0e2358ceec024230154da4777ed5c444a8382af1ec9d7165f3d7886141cf,d1628c6a689d6147a3111a267c295267ed5546c9ec412894c12b696bf437f887,True,True,True,18291,/Huang_group/zyyz/Projects/GVC-RT/experiments/gvcrt_neural_wrapper_v6_8b_soft_generator_update_control/bitstreams/virat480/G50_1500/specified__VIRAT_S_010200_03_000470_000567_17fps_gop_000000__480p/qp8.bin,3bad15742ebc1aaa2410ae81893c76b7e5f975bbca12c8f20a46216e9b844c6c,/Huang_group/zyyz/Projects/GVC-RT/experiments/gvcrt_neural_wrapper_v6_8b_soft_generator_update_control/features/virat480/G50_1500/specified__VIRAT_S_010200_03_000470_000567_17fps_gop_000000__480p/qp8.npz,634e8858ffc194a3bd463ca93ec0adb99a7480db70e0d3374a9f77410221b535,"{'bridge': 'f18f0f2c9d53182168da0bd15b52b04cd9c0135f329beee81155b204db971533', 'generator': 'f280d3ad5874d2004551a99d439e1a2a599fb19a2443961e79b10baf038130bd'}",virat480,G50_1500,5,specified__VIRAT_S_010200_03_000470_000567_17fps_gop_000000__480p,8,8,8144930bb0f6d608a5ca3d12ad159d12a071c4c5d907f88b083dbd8d1ab85c07,/Huang_group/zyyz/Projects/GVC-RT/experiments/gvcrt_neural_wrapper_v6_8b_soft_generator_update_control/branches/G50_interface_preserve/checkpoints/step_1500.pt,f4d9936aa344ed527f4ae55f9910803e83bb8ca490bedc06f910ccafde8bbbdd,4e603ecdaae9fbb4a004536146c2858e29a21d35ca7805e79247601a0d536a89,"[0, 1, 3, 4, 6, 7, 8, 10, 11, 13, 14, 16, 17, 18, 20, 21, 23, 24, 25, 27, 28, 30, 31, 32, 34, 35, 37, 38, 39, 41, 42, 44, 45]",54c834d379ccf2a6869851181169605f936913f77611b47dcc50dd99aa263b05,146328,74.79994700833325,33,0.12,/Huang_group/zyyz/Projects/GVC-RT/experiments/gvcrt_neural_wrapper_v6_8b_soft_generator_update_control/parts/virat480/G50_1500/video_05_qp8.frames.csv,3bccafd3e37b582f8fae17cc7064a7096ebabc50d77c6755602da25f9bf8801e,/Huang_group/zyyz/Projects/GVC-RT/experiments/gvcrt_neural_wrapper_v6_8b_soft_generator_update_control/features/virat480/G50_1500/specified__VIRAT_S_010200_03_000470_000567_17fps_gop_000000__480p/qp8.transitions.csv,39bdc42d78ab8b453af7d01c9252e9f2253c937bf26dcf8ac1970e082043e9e8,"[8, 10, 8, 9, 8, 9, 8, 9, 8, 10, 8, 9, 8, 9, 8, 9, 8, 10, 8, 9, 8, 9, 8, 9, 8, 10, 8, 9, 8, 9, 8, 9, 8]",4,True,False,16.93769645690918,e4fe7d1d136aa48c7ce06a20e54785bbd43bed05d669919daeec568b31ab802a,214c5b4ec5e2bf7adb980d792f31d10fae5fed494163f5b72b31e3d913ef28f0,,[],True,/Huang_group/zyyz/Projects/GVC-RT/experiments/gvcrt_neural_wrapper_v6_8b_soft_generator_update_control/parts/virat480/G50_1500/video_05_qp8.json,76237053f894cf71b07de780c78a7034de08da99399dbdda690c991669ab4fac
21176,21176,5133.575757575758,0.012523360064343672,102.67151515151517,20.0,33,33,32,0.08263114794637218,0.07133026375915065,25.842565818834316,0.9737141114292722,0.9356301788127783,0.09085277281701565,25.842565818834316,"[896, 512]","[854, 480]",0,False,,0.42088785767555237,0f0c0e2358ceec024230154da4777ed5c444a8382af1ec9d7165f3d7886141cf,0f0c0e2358ceec024230154da4777ed5c444a8382af1ec9d7165f3d7886141cf,cc03c01c256684f0966218a889346198612d7f2f6c9a7fdb58983dba3cb4eef5,True,True,True,21176,/Huang_group/zyyz/Projects/GVC-RT/experiments/gvcrt_neural_wrapper_v6_8b_soft_generator_update_control/bitstreams/virat480/G50_1500/specified__VIRAT_S_010200_03_000470_000567_17fps_gop_000000__480p/qp9.bin,7b390de82a162d6a5353703ebf50a277b885cf8ff637a4ba5bcdafce7d2f7027,/Huang_group/zyyz/Projects/GVC-RT/experiments/gvcrt_neural_wrapper_v6_8b_soft_generator_update_control/features/virat480/G50_1500/specified__VIRAT_S_010200_03_000470_000567_17fps_gop_000000__480p/qp9.npz,38ee9928e3214764951bdd6ce7fdd4bd6dedc84c3adf68ed24fb7e8fa0c78121,"{'bridge': 'f18f0f2c9d53182168da0bd15b52b04cd9c0135f329beee81155b204db971533', 'generator': 'f280d3ad5874d2004551a99d439e1a2a599fb19a2443961e79b10baf038130bd'}",virat480,G50_1500,5,specified__VIRAT_S_010200_03_000470_000567_17fps_gop_000000__480p,9,9,8144930bb0f6d608a5ca3d12ad159d12a071c4c5d907f88b083dbd8d1ab85c07,/Huang_group/zyyz/Projects/GVC-RT/experiments/gvcrt_neural_wrapper_v6_8b_soft_generator_update_control/branches/G50_interface_preserve/checkpoints/step_1500.pt,f4d9936aa344ed527f4ae55f9910803e83bb8ca490bedc06f910ccafde8bbbdd,4e603ecdaae9fbb4a004536146c2858e29a21d35ca7805e79247601a0d536a89,"[0, 1, 3, 4, 6, 7, 8, 10, 11, 13, 14, 16, 17, 18, 20, 21, 23, 24, 25, 27, 28, 30, 31, 32, 34, 35, 37, 38, 39, 41, 42, 44, 45]",54c834d379ccf2a6869851181169605f936913f77611b47dcc50dd99aa263b05,169408,74.02499122436987,33,0.12,/Huang_group/zyyz/Projects/GVC-RT/experiments/gvcrt_neural_wrapper_v6_8b_soft_generator_update_control/parts/virat480/G50_1500/video_05_qp9.frames.csv,baf416172aca345402495414e35d1c2d3a805b4cc22f1a81df06b9946c04ec8c,/Huang_group/zyyz/Projects/GVC-RT/experiments/gvcrt_neural_wrapper_v6_8b_soft_generator_update_control/features/virat480/G50_1500/specified__VIRAT_S_010200_03_000470_000567_17fps_gop_000000__480p/qp9.transitions.csv,a77403777ec8eaed6581808e1e0010c876ea250867be1b9a6d0ef7238983e75e,"[9, 11, 9, 10, 9, 10, 9, 10, 9, 11, 9, 10, 9, 10, 9, 10, 9, 11, 9, 10, 9, 10, 9, 10, 9, 11, 9, 10, 9, 10, 9, 10, 9]",4,True,False,17.188610315322876,e4fe7d1d136aa48c7ce06a20e54785bbd43bed05d669919daeec568b31ab802a,214c5b4ec5e2bf7adb980d792f31d10fae5fed494163f5b72b31e3d913ef28f0,,[],True,/Huang_group/zyyz/Projects/GVC-RT/experiments/gvcrt_neural_wrapper_v6_8b_soft_generator_update_control/parts/virat480/G50_1500/video_05_qp9.json,0cd3ba5691ce0341b866f75f8190d4dbb06fbafc35002d5cb42006eab7cf8bf5
